# Created by Octave 3.8.2, Fri May 01 02:10:12 2015 Egypt Standard Time <unknown@Kaizen>
# name: imagesOfCharacters
# type: cell
# rows: 1
# columns: 90
# name: <cell-element>
# type: matrix
# rows: 0
# columns: 0



# name: <cell-element>
# type: matrix
# rows: 0
# columns: 0



# name: <cell-element>
# type: matrix
# rows: 0
# columns: 0



# name: <cell-element>
# type: matrix
# rows: 0
# columns: 0



# name: <cell-element>
# type: matrix
# rows: 0
# columns: 0



# name: <cell-element>
# type: matrix
# rows: 0
# columns: 0



# name: <cell-element>
# type: matrix
# rows: 0
# columns: 0



# name: <cell-element>
# type: matrix
# rows: 0
# columns: 0



# name: <cell-element>
# type: matrix
# rows: 0
# columns: 0



# name: <cell-element>
# type: matrix
# rows: 0
# columns: 0



# name: <cell-element>
# type: matrix
# rows: 0
# columns: 0



# name: <cell-element>
# type: matrix
# rows: 0
# columns: 0



# name: <cell-element>
# type: matrix
# rows: 0
# columns: 0



# name: <cell-element>
# type: matrix
# rows: 0
# columns: 0



# name: <cell-element>
# type: matrix
# rows: 0
# columns: 0



# name: <cell-element>
# type: matrix
# rows: 0
# columns: 0



# name: <cell-element>
# type: matrix
# rows: 0
# columns: 0



# name: <cell-element>
# type: matrix
# rows: 0
# columns: 0



# name: <cell-element>
# type: matrix
# rows: 0
# columns: 0



# name: <cell-element>
# type: matrix
# rows: 0
# columns: 0



# name: <cell-element>
# type: matrix
# rows: 0
# columns: 0



# name: <cell-element>
# type: matrix
# rows: 0
# columns: 0



# name: <cell-element>
# type: matrix
# rows: 0
# columns: 0



# name: <cell-element>
# type: matrix
# rows: 0
# columns: 0



# name: <cell-element>
# type: matrix
# rows: 0
# columns: 0



# name: <cell-element>
# type: matrix
# rows: 0
# columns: 0



# name: <cell-element>
# type: matrix
# rows: 0
# columns: 0



# name: <cell-element>
# type: matrix
# rows: 0
# columns: 0



# name: <cell-element>
# type: matrix
# rows: 0
# columns: 0



# name: <cell-element>
# type: matrix
# rows: 0
# columns: 0



# name: <cell-element>
# type: matrix
# rows: 0
# columns: 0



# name: <cell-element>
# type: matrix
# rows: 0
# columns: 0



# name: <cell-element>
# type: matrix
# rows: 0
# columns: 0



# name: <cell-element>
# type: matrix
# rows: 0
# columns: 0



# name: <cell-element>
# type: matrix
# rows: 0
# columns: 0



# name: <cell-element>
# type: matrix
# rows: 0
# columns: 0



# name: <cell-element>
# type: matrix
# rows: 0
# columns: 0



# name: <cell-element>
# type: matrix
# rows: 0
# columns: 0



# name: <cell-element>
# type: matrix
# rows: 0
# columns: 0



# name: <cell-element>
# type: matrix
# rows: 0
# columns: 0



# name: <cell-element>
# type: matrix
# rows: 0
# columns: 0



# name: <cell-element>
# type: matrix
# rows: 0
# columns: 0



# name: <cell-element>
# type: matrix
# rows: 0
# columns: 0



# name: <cell-element>
# type: matrix
# rows: 0
# columns: 0



# name: <cell-element>
# type: matrix
# rows: 0
# columns: 0



# name: <cell-element>
# type: matrix
# rows: 0
# columns: 0



# name: <cell-element>
# type: matrix
# rows: 0
# columns: 0



# name: <cell-element>
# type: cell
# rows: 1
# columns: 1
# name: <cell-element>
# type: matrix
# rows: 40
# columns: 18
 0 0 0 0 0 0 1 1 1 1 1 0 0 0 0 0 0 0
 0 0 0 0 0 1 1 1 1 1 1 1 1 0 0 0 0 0
 0 0 0 1 1 1 1 1 1 1 1 1 1 1 0 0 0 0
 0 0 0 1 1 1 1 1 1 1 1 1 1 1 0 0 0 0
 0 0 1 1 1 1 1 0 0 0 1 1 1 1 1 0 0 0
 0 0 1 1 1 1 0 0 0 0 0 1 1 1 1 0 0 0
 0 1 1 1 1 1 0 0 0 0 0 0 1 1 1 1 0 0
 0 1 1 1 1 0 0 0 0 0 0 0 1 1 1 1 0 0
 0 1 1 1 1 0 0 0 0 0 0 0 0 1 1 1 0 0
 0 1 1 1 0 0 0 0 0 0 0 0 0 1 1 1 1 0
 1 1 1 1 0 0 0 0 0 0 0 0 0 1 1 1 1 0
 1 1 1 1 0 0 0 0 0 0 0 0 0 1 1 1 1 0
 1 1 1 1 0 0 0 0 0 0 0 0 0 0 1 1 1 0
 1 1 1 1 0 0 0 0 0 0 0 0 0 0 1 1 1 0
 1 1 1 0 0 0 0 0 0 0 0 0 0 0 1 1 1 0
 1 1 1 0 0 0 0 0 0 0 0 0 0 0 1 1 1 1
 1 1 1 0 0 0 0 0 0 0 0 0 0 0 1 1 1 1
 1 1 1 0 0 0 0 0 0 0 0 0 0 0 1 1 1 1
 1 1 1 0 0 0 0 0 0 0 0 0 0 0 1 1 1 1
 1 1 1 0 0 0 0 0 0 0 0 0 0 0 1 1 1 1
 1 1 1 0 0 0 0 0 0 0 0 0 0 0 1 1 1 1
 1 1 1 0 0 0 0 0 0 0 0 0 0 0 1 1 1 1
 1 1 1 0 0 0 0 0 0 0 0 0 0 0 1 1 1 1
 1 1 1 0 0 0 0 0 0 0 0 0 0 0 1 1 1 1
 1 1 1 0 0 0 0 0 0 0 0 0 0 0 1 1 1 1
 1 1 1 0 0 0 0 0 0 0 0 0 0 0 1 1 1 0
 1 1 1 1 0 0 0 0 0 0 0 0 0 0 1 1 1 0
 1 1 1 1 0 0 0 0 0 0 0 0 0 0 1 1 1 0
 1 1 1 1 0 0 0 0 0 0 0 0 0 1 1 1 1 0
 1 1 1 1 0 0 0 0 0 0 0 0 0 1 1 1 1 0
 0 1 1 1 0 0 0 0 0 0 0 0 0 1 1 1 1 0
 0 1 1 1 1 0 0 0 0 0 0 0 0 1 1 1 0 0
 0 1 1 1 1 0 0 0 0 0 0 0 1 1 1 1 0 0
 0 0 1 1 1 0 0 0 0 0 0 0 1 1 1 1 0 0
 0 0 1 1 1 1 0 0 0 0 0 1 1 1 1 0 0 0
 0 0 1 1 1 1 1 0 0 0 1 1 1 1 1 0 0 0
 0 0 0 1 1 1 1 1 1 1 1 1 1 1 0 0 0 0
 0 0 0 1 1 1 1 1 1 1 1 1 1 1 0 0 0 0
 0 0 0 0 1 1 1 1 1 1 1 1 1 0 0 0 0 0
 0 0 0 0 0 0 1 1 1 1 1 0 0 0 0 0 0 0






# name: <cell-element>
# type: cell
# rows: 1
# columns: 1
# name: <cell-element>
# type: matrix
# rows: 38
# columns: 15
 0 0 0 0 0 1 1 1 1 0 0 0 0 0 0
 0 0 0 0 0 1 1 1 1 0 0 0 0 0 0
 0 0 0 0 1 1 1 1 1 0 0 0 0 0 0
 0 0 0 1 1 1 1 1 1 0 0 0 0 0 0
 0 1 1 1 1 1 1 1 1 0 0 0 0 0 0
 1 1 1 1 1 1 1 1 1 0 0 0 0 0 0
 1 1 1 1 1 0 1 1 1 0 0 0 0 0 0
 1 1 1 1 0 0 1 1 1 0 0 0 0 0 0
 1 1 1 0 0 0 1 1 1 0 0 0 0 0 0
 1 0 0 0 0 0 1 1 1 0 0 0 0 0 0
 0 0 0 0 0 0 1 1 1 0 0 0 0 0 0
 0 0 0 0 0 0 1 1 1 0 0 0 0 0 0
 0 0 0 0 0 0 1 1 1 0 0 0 0 0 0
 0 0 0 0 0 0 1 1 1 0 0 0 0 0 0
 0 0 0 0 0 0 1 1 1 0 0 0 0 0 0
 0 0 0 0 0 0 1 1 1 0 0 0 0 0 0
 0 0 0 0 0 0 1 1 1 0 0 0 0 0 0
 0 0 0 0 0 0 1 1 1 0 0 0 0 0 0
 0 0 0 0 0 0 1 1 1 0 0 0 0 0 0
 0 0 0 0 0 0 1 1 1 0 0 0 0 0 0
 0 0 0 0 0 0 1 1 1 0 0 0 0 0 0
 0 0 0 0 0 0 1 1 1 0 0 0 0 0 0
 0 0 0 0 0 0 1 1 1 0 0 0 0 0 0
 0 0 0 0 0 0 1 1 1 0 0 0 0 0 0
 0 0 0 0 0 0 1 1 1 0 0 0 0 0 0
 0 0 0 0 0 0 1 1 1 0 0 0 0 0 0
 0 0 0 0 0 0 1 1 1 0 0 0 0 0 0
 0 0 0 0 0 0 1 1 1 0 0 0 0 0 0
 0 0 0 0 0 0 1 1 1 0 0 0 0 0 0
 0 0 0 0 0 0 1 1 1 0 0 0 0 0 0
 0 0 0 0 0 0 1 1 1 0 0 0 0 0 0
 0 0 0 0 0 0 1 1 1 0 0 0 0 0 0
 0 0 0 0 0 0 1 1 1 0 0 0 0 0 0
 0 0 0 0 0 0 1 1 1 0 0 0 0 0 0
 1 1 1 1 1 1 1 1 1 1 1 1 1 1 1
 1 1 1 1 1 1 1 1 1 1 1 1 1 1 1
 1 1 1 1 1 1 1 1 1 1 1 1 1 1 1
 1 1 1 1 1 1 1 1 1 1 1 1 1 1 1






# name: <cell-element>
# type: cell
# rows: 1
# columns: 1
# name: <cell-element>
# type: matrix
# rows: 39
# columns: 16
 0 0 0 0 1 1 1 1 1 1 1 0 0 0 0 0
 0 0 1 1 1 1 1 1 1 1 1 1 1 0 0 0
 0 1 1 1 1 1 1 1 1 1 1 1 1 1 0 0
 1 1 1 1 1 1 1 1 1 1 1 1 1 1 0 0
 0 1 1 1 1 0 0 0 0 1 1 1 1 1 1 0
 1 1 1 0 0 0 0 0 0 0 1 1 1 1 1 0
 0 0 0 0 0 0 0 0 0 0 0 1 1 1 1 0
 0 0 0 0 0 0 0 0 0 0 0 1 1 1 1 0
 0 0 0 0 0 0 0 0 0 0 0 0 1 1 1 0
 0 0 0 0 0 0 0 0 0 0 0 0 1 1 1 0
 0 0 0 0 0 0 0 0 0 0 0 1 1 1 1 0
 0 0 0 0 0 0 0 0 0 0 0 1 1 1 1 0
 0 0 0 0 0 0 0 0 0 0 0 1 1 1 0 0
 0 0 0 0 0 0 0 0 0 0 1 1 1 1 0 0
 0 0 0 0 0 0 0 0 0 0 1 1 1 1 0 0
 0 0 0 0 0 0 0 0 0 1 1 1 1 0 0 0
 0 0 0 0 0 0 0 0 0 1 1 1 1 0 0 0
 0 0 0 0 0 0 0 0 1 1 1 1 0 0 0 0
 0 0 0 0 0 0 0 1 1 1 1 1 0 0 0 0
 0 0 0 0 0 0 0 1 1 1 1 0 0 0 0 0
 0 0 0 0 0 0 1 1 1 1 0 0 0 0 0 0
 0 0 0 0 0 1 1 1 1 1 0 0 0 0 0 0
 0 0 0 0 0 1 1 1 1 0 0 0 0 0 0 0
 0 0 0 0 1 1 1 1 0 0 0 0 0 0 0 0
 0 0 0 0 1 1 1 0 0 0 0 0 0 0 0 0
 0 0 0 1 1 1 1 0 0 0 0 0 0 0 0 0
 0 0 1 1 1 1 0 0 0 0 0 0 0 0 0 0
 0 0 1 1 1 1 0 0 0 0 0 0 0 0 0 0
 0 1 1 1 1 0 0 0 0 0 0 0 0 0 0 0
 0 1 1 1 1 0 0 0 0 0 0 0 0 0 0 0
 0 1 1 1 0 0 0 0 0 0 0 0 0 0 0 0
 1 1 1 1 0 0 0 0 0 0 0 0 0 0 0 0
 1 1 1 1 0 0 0 0 0 0 0 0 0 0 0 0
 1 1 1 0 0 0 0 0 0 0 0 0 0 0 0 0
 1 1 1 1 1 1 1 1 1 1 1 1 1 1 1 0
 1 1 1 1 1 1 1 1 1 1 1 1 1 1 1 1
 1 1 1 1 1 1 1 1 1 1 1 1 1 1 1 1
 1 1 1 1 1 1 1 1 1 1 1 1 1 1 1 1
 1 1 1 1 1 1 1 1 1 1 1 1 1 1 1 1






# name: <cell-element>
# type: cell
# rows: 1
# columns: 1
# name: <cell-element>
# type: matrix
# rows: 40
# columns: 16
 0 0 0 1 1 1 1 1 1 1 0 0 0 0 0 0
 0 1 1 1 1 1 1 1 1 1 1 1 0 0 0 0
 1 1 1 1 1 1 1 1 1 1 1 1 1 0 0 0
 1 1 1 1 1 1 1 1 1 1 1 1 1 0 0 0
 1 1 1 1 0 0 0 0 1 1 1 1 1 1 0 0
 1 1 0 0 0 0 0 0 0 0 1 1 1 1 0 0
 0 0 0 0 0 0 0 0 0 0 1 1 1 1 0 0
 0 0 0 0 0 0 0 0 0 0 0 1 1 1 0 0
 0 0 0 0 0 0 0 0 0 0 0 1 1 1 1 0
 0 0 0 0 0 0 0 0 0 0 0 1 1 1 1 0
 0 0 0 0 0 0 0 0 0 0 0 1 1 1 0 0
 0 0 0 0 0 0 0 0 0 0 0 1 1 1 0 0
 0 0 0 0 0 0 0 0 0 0 1 1 1 1 0 0
 0 0 0 0 0 0 0 0 0 0 1 1 1 1 0 0
 0 0 0 0 0 0 0 0 0 1 1 1 1 0 0 0
 0 0 0 0 0 0 0 0 1 1 1 1 1 0 0 0
 0 0 0 1 1 1 1 1 1 1 1 1 0 0 0 0
 0 0 0 1 1 1 1 1 1 1 1 0 0 0 0 0
 0 0 0 1 1 1 1 1 1 1 1 1 0 0 0 0
 0 0 1 1 1 1 1 1 1 1 1 1 1 0 0 0
 0 0 0 0 0 0 0 0 1 1 1 1 1 1 0 0
 0 0 0 0 0 0 0 0 0 1 1 1 1 1 0 0
 0 0 0 0 0 0 0 0 0 0 1 1 1 1 1 0
 0 0 0 0 0 0 0 0 0 0 0 1 1 1 1 0
 0 0 0 0 0 0 0 0 0 0 0 0 1 1 1 0
 0 0 0 0 0 0 0 0 0 0 0 0 1 1 1 1
 0 0 0 0 0 0 0 0 0 0 0 0 1 1 1 1
 0 0 0 0 0 0 0 0 0 0 0 0 1 1 1 1
 0 0 0 0 0 0 0 0 0 0 0 0 1 1 1 1
 0 0 0 0 0 0 0 0 0 0 0 0 1 1 1 1
 0 0 0 0 0 0 0 0 0 0 0 0 1 1 1 1
 0 0 0 0 0 0 0 0 0 0 0 0 1 1 1 0
 0 0 0 0 0 0 0 0 0 0 0 1 1 1 1 0
 0 0 0 0 0 0 0 0 0 0 0 1 1 1 1 0
 1 1 0 0 0 0 0 0 0 0 1 1 1 1 0 0
 1 1 1 1 0 0 0 0 0 1 1 1 1 1 0 0
 1 1 1 1 1 1 1 1 1 1 1 1 1 0 0 0
 1 1 1 1 1 1 1 1 1 1 1 1 0 0 0 0
 1 1 1 1 1 1 1 1 1 1 1 0 0 0 0 0
 0 0 1 1 1 1 1 1 1 0 0 0 0 0 0 0






# name: <cell-element>
# type: cell
# rows: 1
# columns: 1
# name: <cell-element>
# type: matrix
# rows: 38
# columns: 19
 0 0 0 0 0 0 0 0 0 0 0 1 1 1 0 0 0 0 0
 0 0 0 0 0 0 0 0 0 0 1 1 1 1 1 0 0 0 0
 0 0 0 0 0 0 0 0 0 0 1 1 1 1 1 0 0 0 0
 0 0 0 0 0 0 0 0 0 0 1 1 1 1 1 0 0 0 0
 0 0 0 0 0 0 0 0 0 1 1 1 1 1 1 0 0 0 0
 0 0 0 0 0 0 0 0 1 1 1 1 1 1 1 0 0 0 0
 0 0 0 0 0 0 0 0 1 1 1 1 1 1 1 0 0 0 0
 0 0 0 0 0 0 0 0 1 1 1 1 1 1 1 0 0 0 0
 0 0 0 0 0 0 0 1 1 1 1 1 1 1 1 0 0 0 0
 0 0 0 0 0 0 0 1 1 1 0 1 1 1 1 0 0 0 0
 0 0 0 0 0 0 1 1 1 1 0 1 1 1 1 0 0 0 0
 0 0 0 0 0 0 1 1 1 0 0 1 1 1 1 0 0 0 0
 0 0 0 0 0 1 1 1 1 0 0 1 1 1 1 0 0 0 0
 0 0 0 0 0 1 1 1 0 0 0 1 1 1 1 0 0 0 0
 0 0 0 0 0 1 1 1 0 0 0 1 1 1 1 0 0 0 0
 0 0 0 0 1 1 1 1 0 0 0 1 1 1 1 0 0 0 0
 0 0 0 0 1 1 1 0 0 0 0 1 1 1 1 0 0 0 0
 0 0 0 1 1 1 1 0 0 0 0 1 1 1 1 0 0 0 0
 0 0 1 1 1 1 0 0 0 0 0 1 1 1 1 0 0 0 0
 0 0 1 1 1 1 0 0 0 0 0 1 1 1 1 0 0 0 0
 0 0 1 1 1 0 0 0 0 0 0 1 1 1 1 0 0 0 0
 0 1 1 1 1 0 0 0 0 0 0 1 1 1 1 0 0 0 0
 0 1 1 1 0 0 0 0 0 0 0 1 1 1 1 0 0 0 0
 1 1 1 1 1 1 1 1 1 1 1 1 1 1 1 1 1 1 1
 1 1 1 1 1 1 1 1 1 1 1 1 1 1 1 1 1 1 1
 1 1 1 1 1 1 1 1 1 1 1 1 1 1 1 1 1 1 1
 1 1 1 1 1 1 1 1 1 1 1 1 1 1 1 1 1 1 1
 0 0 0 0 0 0 0 0 0 0 0 1 1 1 1 0 0 0 0
 0 0 0 0 0 0 0 0 0 0 0 1 1 1 0 0 0 0 0
 0 0 0 0 0 0 0 0 0 0 0 1 1 1 1 0 0 0 0
 0 0 0 0 0 0 0 0 0 0 0 1 1 1 1 0 0 0 0
 0 0 0 0 0 0 0 0 0 0 0 1 1 1 1 0 0 0 0
 0 0 0 0 0 0 0 0 0 0 0 1 1 1 1 0 0 0 0
 0 0 0 0 0 0 0 0 0 0 0 1 1 1 1 0 0 0 0
 0 0 0 0 0 0 0 0 0 0 0 1 1 1 1 0 0 0 0
 0 0 0 0 0 0 0 0 0 0 0 1 1 1 1 0 0 0 0
 0 0 0 0 0 0 0 0 0 0 0 1 1 1 1 0 0 0 0
 0 0 0 0 0 0 0 0 0 0 0 1 1 1 0 0 0 0 0






# name: <cell-element>
# type: cell
# rows: 1
# columns: 1
# name: <cell-element>
# type: matrix
# rows: 39
# columns: 16
 0 1 1 1 1 1 1 1 1 1 1 1 1 1 1 0
 0 1 1 1 1 1 1 1 1 1 1 1 1 1 1 0
 0 1 1 1 1 1 1 1 1 1 1 1 1 1 1 0
 0 1 1 1 1 1 1 1 1 1 1 1 1 1 1 0
 0 1 1 1 1 1 1 1 1 1 1 1 1 1 1 0
 0 1 1 1 0 0 0 0 0 0 0 0 0 0 0 0
 0 1 1 1 0 0 0 0 0 0 0 0 0 0 0 0
 0 1 1 1 0 0 0 0 0 0 0 0 0 0 0 0
 0 1 1 1 0 0 0 0 0 0 0 0 0 0 0 0
 0 1 1 1 0 0 0 0 0 0 0 0 0 0 0 0
 0 1 1 1 0 0 0 0 0 0 0 0 0 0 0 0
 0 1 1 1 0 0 0 0 0 0 0 0 0 0 0 0
 0 1 1 1 0 0 0 0 0 0 0 0 0 0 0 0
 0 1 1 1 0 0 0 0 0 0 0 0 0 0 0 0
 0 1 1 1 1 1 1 1 1 0 0 0 0 0 0 0
 0 1 1 1 1 1 1 1 1 1 1 0 0 0 0 0
 0 1 1 1 1 1 1 1 1 1 1 1 0 0 0 0
 0 1 1 1 1 1 1 1 1 1 1 1 1 0 0 0
 0 0 0 0 0 1 1 1 1 1 1 1 1 1 0 0
 0 0 0 0 0 0 0 0 1 1 1 1 1 1 0 0
 0 0 0 0 0 0 0 0 0 0 1 1 1 1 1 0
 0 0 0 0 0 0 0 0 0 0 0 1 1 1 1 0
 0 0 0 0 0 0 0 0 0 0 0 1 1 1 1 0
 0 0 0 0 0 0 0 0 0 0 0 0 1 1 1 1
 0 0 0 0 0 0 0 0 0 0 0 0 1 1 1 1
 0 0 0 0 0 0 0 0 0 0 0 0 1 1 1 1
 0 0 0 0 0 0 0 0 0 0 0 0 1 1 1 1
 0 0 0 0 0 0 0 0 0 0 0 0 1 1 1 1
 0 0 0 0 0 0 0 0 0 0 0 0 1 1 1 1
 0 0 0 0 0 0 0 0 0 0 0 0 1 1 1 1
 0 0 0 0 0 0 0 0 0 0 0 1 1 1 1 0
 0 0 0 0 0 0 0 0 0 0 0 1 1 1 1 0
 0 0 0 0 0 0 0 0 0 0 1 1 1 1 1 0
 1 1 1 0 0 0 0 0 0 1 1 1 1 1 0 0
 1 1 1 1 1 1 0 0 1 1 1 1 1 1 0 0
 1 1 1 1 1 1 1 1 1 1 1 1 1 0 0 0
 1 1 1 1 1 1 1 1 1 1 1 1 0 0 0 0
 0 1 1 1 1 1 1 1 1 1 1 0 0 0 0 0
 0 0 0 1 1 1 1 1 1 1 0 0 0 0 0 0






# name: <cell-element>
# type: cell
# rows: 1
# columns: 1
# name: <cell-element>
# type: matrix
# rows: 40
# columns: 18
 0 0 0 0 0 0 0 0 1 1 1 1 1 1 1 0 0 0
 0 0 0 0 0 0 1 1 1 1 1 1 1 1 1 1 0 0
 0 0 0 0 0 1 1 1 1 1 1 1 1 1 1 1 0 0
 0 0 0 0 1 1 1 1 1 1 1 1 1 1 1 1 0 0
 0 0 0 1 1 1 1 1 1 0 0 0 0 1 1 1 0 0
 0 0 0 1 1 1 1 0 0 0 0 0 0 0 0 0 0 0
 0 0 1 1 1 1 1 0 0 0 0 0 0 0 0 0 0 0
 0 0 1 1 1 1 0 0 0 0 0 0 0 0 0 0 0 0
 0 0 1 1 1 0 0 0 0 0 0 0 0 0 0 0 0 0
 0 1 1 1 1 0 0 0 0 0 0 0 0 0 0 0 0 0
 0 1 1 1 1 0 0 0 0 0 0 0 0 0 0 0 0 0
 0 1 1 1 1 0 0 0 0 0 0 0 0 0 0 0 0 0
 0 1 1 1 0 0 0 0 0 0 0 0 0 0 0 0 0 0
 0 1 1 1 0 0 0 0 0 0 0 0 0 0 0 0 0 0
 1 1 1 1 0 0 0 0 0 0 0 0 0 0 0 0 0 0
 1 1 1 1 0 0 0 0 1 1 1 1 0 0 0 0 0 0
 1 1 1 1 0 0 0 1 1 1 1 1 1 1 0 0 0 0
 1 1 1 1 0 0 1 1 1 1 1 1 1 1 1 0 0 0
 1 1 1 1 0 1 1 1 1 1 1 1 1 1 1 1 0 0
 1 1 1 1 1 1 1 1 1 0 0 1 1 1 1 1 0 0
 1 1 1 1 1 1 1 0 0 0 0 0 0 1 1 1 1 0
 1 1 1 1 1 1 1 0 0 0 0 0 0 1 1 1 1 0
 1 1 1 1 1 1 0 0 0 0 0 0 0 0 1 1 1 0
 1 1 1 1 1 1 0 0 0 0 0 0 0 0 1 1 1 1
 1 1 1 1 1 0 0 0 0 0 0 0 0 0 1 1 1 1
 1 1 1 1 1 0 0 0 0 0 0 0 0 0 1 1 1 1
 1 1 1 1 1 0 0 0 0 0 0 0 0 0 1 1 1 1
 0 1 1 1 1 0 0 0 0 0 0 0 0 0 1 1 1 1
 0 1 1 1 1 0 0 0 0 0 0 0 0 0 1 1 1 1
 0 1 1 1 1 0 0 0 0 0 0 0 0 0 1 1 1 1
 0 1 1 1 1 0 0 0 0 0 0 0 0 0 1 1 1 0
 0 1 1 1 1 0 0 0 0 0 0 0 0 0 1 1 1 0
 0 0 1 1 1 1 0 0 0 0 0 0 0 1 1 1 1 0
 0 0 1 1 1 1 0 0 0 0 0 0 0 1 1 1 1 0
 0 0 1 1 1 1 1 0 0 0 0 0 1 1 1 1 0 0
 0 0 0 1 1 1 1 1 0 0 0 1 1 1 1 1 0 0
 0 0 0 1 1 1 1 1 1 1 1 1 1 1 1 0 0 0
 0 0 0 0 1 1 1 1 1 1 1 1 1 1 0 0 0 0
 0 0 0 0 0 1 1 1 1 1 1 1 1 0 0 0 0 0
 0 0 0 0 0 0 1 1 1 1 1 1 0 0 0 0 0 0






# name: <cell-element>
# type: cell
# rows: 1
# columns: 1
# name: <cell-element>
# type: matrix
# rows: 38
# columns: 17
 1 1 1 1 1 1 1 1 1 1 1 1 1 1 1 1 0
 1 1 1 1 1 1 1 1 1 1 1 1 1 1 1 1 1
 1 1 1 1 1 1 1 1 1 1 1 1 1 1 1 1 1
 1 1 1 1 1 1 1 1 1 1 1 1 1 1 1 1 1
 1 1 1 1 1 1 1 1 1 1 1 1 1 1 1 1 0
 0 0 0 0 0 0 0 0 0 0 0 0 0 1 1 1 0
 0 0 0 0 0 0 0 0 0 0 0 0 0 1 1 1 0
 0 0 0 0 0 0 0 0 0 0 0 0 1 1 1 1 0
 0 0 0 0 0 0 0 0 0 0 0 0 1 1 1 0 0
 0 0 0 0 0 0 0 0 0 0 0 0 1 1 1 0 0
 0 0 0 0 0 0 0 0 0 0 0 1 1 1 0 0 0
 0 0 0 0 0 0 0 0 0 0 0 1 1 1 0 0 0
 0 0 0 0 0 0 0 0 0 0 1 1 1 0 0 0 0
 0 0 0 0 0 0 0 0 0 0 1 1 1 0 0 0 0
 0 0 0 0 0 0 0 0 0 1 1 1 0 0 0 0 0
 0 0 0 0 0 0 0 0 1 1 1 1 0 0 0 0 0
 0 0 0 0 0 0 0 0 1 1 1 1 0 0 0 0 0
 0 0 0 0 0 0 0 0 1 1 1 0 0 0 0 0 0
 0 0 0 0 0 0 0 1 1 1 1 0 0 0 0 0 0
 0 0 0 0 0 0 0 1 1 1 0 0 0 0 0 0 0
 0 0 0 0 0 0 1 1 1 1 0 0 0 0 0 0 0
 0 0 0 0 0 0 1 1 1 0 0 0 0 0 0 0 0
 0 0 0 0 0 1 1 1 1 0 0 0 0 0 0 0 0
 0 0 0 0 0 1 1 1 0 0 0 0 0 0 0 0 0
 0 0 0 0 1 1 1 1 0 0 0 0 0 0 0 0 0
 0 0 0 0 1 1 1 0 0 0 0 0 0 0 0 0 0
 0 0 0 0 1 1 1 0 0 0 0 0 0 0 0 0 0
 0 0 0 0 1 1 1 0 0 0 0 0 0 0 0 0 0
 0 0 0 1 1 1 1 0 0 0 0 0 0 0 0 0 0
 0 0 0 1 1 1 1 0 0 0 0 0 0 0 0 0 0
 0 0 0 1 1 1 1 0 0 0 0 0 0 0 0 0 0
 0 0 0 1 1 1 0 0 0 0 0 0 0 0 0 0 0
 0 0 0 1 1 1 0 0 0 0 0 0 0 0 0 0 0
 0 0 0 1 1 1 0 0 0 0 0 0 0 0 0 0 0
 0 0 0 1 1 1 0 0 0 0 0 0 0 0 0 0 0
 0 0 0 1 1 1 0 0 0 0 0 0 0 0 0 0 0
 0 0 0 1 1 1 0 0 0 0 0 0 0 0 0 0 0
 0 0 0 1 1 1 0 0 0 0 0 0 0 0 0 0 0






# name: <cell-element>
# type: cell
# rows: 1
# columns: 1
# name: <cell-element>
# type: matrix
# rows: 40
# columns: 16
 0 0 0 0 0 0 1 1 1 1 1 0 0 0 0 0
 0 0 0 0 1 1 1 1 1 1 1 1 0 0 0 0
 0 0 0 1 1 1 1 1 1 1 1 1 1 0 0 0
 0 0 1 1 1 1 1 1 1 1 1 1 1 1 0 0
 0 0 1 1 1 1 0 0 0 0 1 1 1 1 0 0
 0 0 1 1 1 0 0 0 0 0 0 1 1 1 1 0
 0 0 1 1 1 0 0 0 0 0 0 1 1 1 1 0
 0 1 1 1 1 0 0 0 0 0 0 1 1 1 1 0
 0 1 1 1 0 0 0 0 0 0 0 0 1 1 1 0
 0 1 1 1 0 0 0 0 0 0 0 0 1 1 1 0
 0 1 1 1 1 0 0 0 0 0 0 1 1 1 1 0
 0 1 1 1 1 0 0 0 0 0 0 1 1 1 1 0
 0 0 1 1 1 0 0 0 0 0 0 1 1 1 0 0
 0 0 1 1 1 1 0 0 0 0 1 1 1 1 0 0
 0 0 1 1 1 1 1 0 0 0 1 1 1 0 0 0
 0 0 0 1 1 1 1 1 0 1 1 1 1 0 0 0
 0 0 0 1 1 1 1 1 1 1 1 1 0 0 0 0
 0 0 0 0 1 1 1 1 1 1 1 1 0 0 0 0
 0 0 0 0 0 1 1 1 1 1 1 0 0 0 0 0
 0 0 0 0 1 1 1 1 1 1 1 0 0 0 0 0
 0 0 0 1 1 1 1 1 1 1 1 1 0 0 0 0
 0 0 1 1 1 1 1 0 1 1 1 1 1 0 0 0
 0 0 1 1 1 1 0 0 0 1 1 1 1 1 0 0
 0 1 1 1 1 1 0 0 0 1 1 1 1 1 0 0
 0 1 1 1 1 0 0 0 0 0 1 1 1 1 1 0
 0 1 1 1 1 0 0 0 0 0 0 1 1 1 1 0
 1 1 1 1 0 0 0 0 0 0 0 1 1 1 1 1
 1 1 1 1 0 0 0 0 0 0 0 0 1 1 1 1
 1 1 1 0 0 0 0 0 0 0 0 0 1 1 1 1
 1 1 1 0 0 0 0 0 0 0 0 0 1 1 1 1
 1 1 1 0 0 0 0 0 0 0 0 0 1 1 1 1
 1 1 1 0 0 0 0 0 0 0 0 0 1 1 1 1
 1 1 1 1 0 0 0 0 0 0 0 0 1 1 1 1
 1 1 1 1 0 0 0 0 0 0 0 0 1 1 1 0
 1 1 1 1 1 0 0 0 0 0 0 1 1 1 1 0
 0 1 1 1 1 1 0 0 0 0 1 1 1 1 1 0
 0 0 1 1 1 1 1 1 1 1 1 1 1 1 0 0
 0 0 1 1 1 1 1 1 1 1 1 1 1 0 0 0
 0 0 0 1 1 1 1 1 1 1 1 1 0 0 0 0
 0 0 0 0 0 1 1 1 1 1 1 0 0 0 0 0






# name: <cell-element>
# type: cell
# rows: 1
# columns: 1
# name: <cell-element>
# type: matrix
# rows: 40
# columns: 17
 0 0 0 0 0 1 1 1 1 1 1 0 0 0 0 0 0
 0 0 0 0 1 1 1 1 1 1 1 1 1 0 0 0 0
 0 0 0 1 1 1 1 1 1 1 1 1 1 0 0 0 0
 0 0 1 1 1 1 1 1 1 1 1 1 1 1 0 0 0
 0 0 1 1 1 1 0 0 0 0 1 1 1 1 1 0 0
 0 1 1 1 1 0 0 0 0 0 0 1 1 1 1 0 0
 0 1 1 1 1 0 0 0 0 0 0 1 1 1 1 0 0
 0 1 1 1 0 0 0 0 0 0 0 0 1 1 1 1 0
 1 1 1 1 0 0 0 0 0 0 0 0 1 1 1 1 0
 1 1 1 0 0 0 0 0 0 0 0 0 1 1 1 1 0
 1 1 1 0 0 0 0 0 0 0 0 0 0 1 1 1 0
 1 1 1 0 0 0 0 0 0 0 0 0 0 1 1 1 1
 1 1 1 0 0 0 0 0 0 0 0 0 0 1 1 1 1
 1 1 1 0 0 0 0 0 0 0 0 0 0 1 1 1 1
 1 1 1 0 0 0 0 0 0 0 0 0 1 1 1 1 1
 1 1 1 0 0 0 0 0 0 0 0 0 1 1 1 1 1
 1 1 1 0 0 0 0 0 0 0 0 0 1 1 1 1 1
 1 1 1 1 0 0 0 0 0 0 0 0 1 1 1 1 1
 1 1 1 1 0 0 0 0 0 0 0 1 1 1 1 1 1
 0 1 1 1 1 0 0 0 0 0 1 1 1 1 1 1 1
 0 1 1 1 1 1 0 0 0 1 1 1 1 1 1 1 1
 0 0 1 1 1 1 1 1 1 1 1 1 1 0 1 1 1
 0 0 0 1 1 1 1 1 1 1 1 1 0 0 1 1 1
 0 0 0 0 1 1 1 1 1 1 1 0 0 0 1 1 1
 0 0 0 0 0 1 1 1 1 0 0 0 0 0 1 1 1
 0 0 0 0 0 0 0 0 0 0 0 0 0 0 1 1 1
 0 0 0 0 0 0 0 0 0 0 0 0 0 1 1 1 1
 0 0 0 0 0 0 0 0 0 0 0 0 0 1 1 1 1
 0 0 0 0 0 0 0 0 0 0 0 0 0 1 1 1 0
 0 0 0 0 0 0 0 0 0 0 0 0 0 1 1 1 0
 0 0 0 0 0 0 0 0 0 0 0 0 1 1 1 1 0
 0 0 0 0 0 0 0 0 0 0 0 0 1 1 1 0 0
 0 0 0 0 0 0 0 0 0 0 0 1 1 1 1 0 0
 0 0 0 0 0 0 0 0 0 0 0 1 1 1 1 0 0
 0 0 0 0 0 0 0 0 0 0 1 1 1 1 0 0 0
 0 0 1 1 0 0 0 0 0 1 1 1 1 1 0 0 0
 0 0 1 1 1 1 1 1 1 1 1 1 1 0 0 0 0
 0 0 1 1 1 1 1 1 1 1 1 1 0 0 0 0 0
 0 0 1 1 1 1 1 1 1 1 1 0 0 0 0 0 0
 0 0 0 1 1 1 1 1 1 1 0 0 0 0 0 0 0






# name: <cell-element>
# type: matrix
# rows: 0
# columns: 0



# name: <cell-element>
# type: matrix
# rows: 0
# columns: 0



# name: <cell-element>
# type: matrix
# rows: 0
# columns: 0



# name: <cell-element>
# type: matrix
# rows: 0
# columns: 0



# name: <cell-element>
# type: matrix
# rows: 0
# columns: 0



# name: <cell-element>
# type: matrix
# rows: 0
# columns: 0



# name: <cell-element>
# type: matrix
# rows: 0
# columns: 0



# name: <cell-element>
# type: cell
# rows: 1
# columns: 1
# name: <cell-element>
# type: matrix
# rows: 38
# columns: 20
 0 0 0 0 0 0 0 0 1 1 1 1 0 0 0 0 0 0 0 0
 0 0 0 0 0 0 0 0 1 1 1 1 0 0 0 0 0 0 0 0
 0 0 0 0 0 0 0 1 1 1 1 1 1 0 0 0 0 0 0 0
 0 0 0 0 0 0 0 1 1 1 1 1 1 0 0 0 0 0 0 0
 0 0 0 0 0 0 0 1 1 1 1 1 1 0 0 0 0 0 0 0
 0 0 0 0 0 0 0 1 1 1 1 1 1 0 0 0 0 0 0 0
 0 0 0 0 0 0 1 1 1 1 1 1 1 0 0 0 0 0 0 0
 0 0 0 0 0 0 1 1 1 1 1 1 1 0 0 0 0 0 0 0
 0 0 0 0 0 0 1 1 1 1 1 1 1 1 0 0 0 0 0 0
 0 0 0 0 0 0 1 1 1 1 1 1 1 1 0 0 0 0 0 0
 0 0 0 0 0 0 1 1 1 1 1 1 1 1 0 0 0 0 0 0
 0 0 0 0 0 0 1 1 1 1 1 1 1 1 0 0 0 0 0 0
 0 0 0 0 0 1 1 1 1 0 1 1 1 1 1 0 0 0 0 0
 0 0 0 0 0 1 1 1 1 0 0 1 1 1 1 0 0 0 0 0
 0 0 0 0 0 1 1 1 1 0 0 1 1 1 1 0 0 0 0 0
 0 0 0 0 0 1 1 1 1 0 0 1 1 1 1 0 0 0 0 0
 0 0 0 0 1 1 1 1 1 0 0 1 1 1 1 0 0 0 0 0
 0 0 0 0 1 1 1 1 0 0 0 1 1 1 1 1 0 0 0 0
 0 0 0 0 1 1 1 1 0 0 0 0 1 1 1 1 0 0 0 0
 0 0 0 0 1 1 1 1 0 0 0 0 1 1 1 1 0 0 0 0
 0 0 0 0 1 1 1 1 0 0 0 0 1 1 1 1 0 0 0 0
 0 0 0 1 1 1 1 0 0 0 0 0 1 1 1 1 0 0 0 0
 0 0 0 1 1 1 1 0 0 0 0 0 1 1 1 1 1 0 0 0
 0 0 0 1 1 1 1 0 0 0 0 0 0 1 1 1 1 0 0 0
 0 0 0 1 1 1 1 0 0 0 0 0 0 1 1 1 1 0 0 0
 0 0 0 1 1 1 1 0 0 0 0 0 0 1 1 1 1 0 0 0
 0 0 1 1 1 1 1 1 1 1 1 1 1 1 1 1 1 0 0 0
 0 0 1 1 1 1 1 1 1 1 1 1 1 1 1 1 1 1 0 0
 0 0 1 1 1 1 1 1 1 1 1 1 1 1 1 1 1 1 0 0
 0 0 1 1 1 1 1 1 1 1 1 1 1 1 1 1 1 1 0 0
 0 1 1 1 1 0 0 0 0 0 0 0 0 0 1 1 1 1 0 0
 0 0 1 1 1 0 0 0 0 0 0 0 0 0 1 1 1 1 1 0
 0 1 1 1 1 0 0 0 0 0 0 0 0 0 1 1 1 1 1 0
 0 1 1 1 1 0 0 0 0 0 0 0 0 0 0 1 1 1 1 0
 0 1 1 1 1 0 0 0 0 0 0 0 0 0 0 1 1 1 1 0
 1 1 1 1 1 0 0 0 0 0 0 0 0 0 0 1 1 1 1 0
 1 1 1 1 0 0 0 0 0 0 0 0 0 0 0 1 1 1 1 1
 1 1 1 1 0 0 0 0 0 0 0 0 0 0 0 0 1 1 1 1






# name: <cell-element>
# type: cell
# rows: 1
# columns: 1
# name: <cell-element>
# type: matrix
# rows: 38
# columns: 15
 1 1 1 1 1 1 1 1 1 1 0 0 0 0 0
 1 1 1 1 1 1 1 1 1 1 1 1 0 0 0
 1 1 1 1 1 1 1 1 1 1 1 1 1 0 0
 1 1 1 1 1 1 1 1 1 1 1 1 1 0 0
 1 1 1 1 0 0 0 0 0 1 1 1 1 1 0
 1 1 1 1 0 0 0 0 0 0 1 1 1 1 0
 1 1 1 1 0 0 0 0 0 0 0 1 1 1 0
 1 1 1 1 0 0 0 0 0 0 0 1 1 1 0
 1 1 1 1 0 0 0 0 0 0 0 1 1 1 0
 1 1 1 1 0 0 0 0 0 0 0 1 1 1 0
 1 1 1 1 0 0 0 0 0 0 0 1 1 1 0
 1 1 1 1 0 0 0 0 0 0 0 1 1 1 0
 1 1 1 1 0 0 0 0 0 0 1 1 1 1 0
 1 1 1 1 0 0 0 0 0 0 1 1 1 1 0
 1 1 1 1 0 0 0 0 0 0 1 1 1 0 0
 1 1 1 1 0 0 0 0 0 1 1 1 1 0 0
 1 1 1 1 0 0 0 0 1 1 1 1 0 0 0
 1 1 1 1 1 1 1 1 1 1 1 0 0 0 0
 1 1 1 1 1 1 1 1 1 1 1 0 0 0 0
 1 1 1 1 1 1 1 1 1 1 1 1 0 0 0
 1 1 1 1 1 1 1 1 1 1 1 1 1 0 0
 1 1 1 1 0 0 0 0 1 1 1 1 1 0 0
 1 1 1 1 0 0 0 0 0 0 1 1 1 1 0
 1 1 1 1 0 0 0 0 0 0 1 1 1 1 0
 1 1 1 1 0 0 0 0 0 0 0 1 1 1 1
 1 1 1 1 0 0 0 0 0 0 0 1 1 1 1
 1 1 1 1 0 0 0 0 0 0 0 0 1 1 1
 1 1 1 1 0 0 0 0 0 0 0 0 1 1 1
 1 1 1 1 0 0 0 0 0 0 0 0 1 1 1
 1 1 1 1 0 0 0 0 0 0 0 0 1 1 1
 1 1 1 1 0 0 0 0 0 0 0 1 1 1 1
 1 1 1 1 0 0 0 0 0 0 0 1 1 1 1
 1 1 1 1 0 0 0 0 0 0 1 1 1 1 0
 1 1 1 1 0 0 0 0 0 1 1 1 1 1 0
 1 1 1 1 1 1 1 1 1 1 1 1 1 0 0
 1 1 1 1 1 1 1 1 1 1 1 1 1 0 0
 1 1 1 1 1 1 1 1 1 1 1 1 0 0 0
 1 1 1 1 1 1 1 1 1 1 0 0 0 0 0






# name: <cell-element>
# type: cell
# rows: 1
# columns: 1
# name: <cell-element>
# type: matrix
# rows: 40
# columns: 16
 0 0 0 0 0 0 0 0 1 1 1 1 1 1 0 0
 0 0 0 0 0 0 0 1 1 1 1 1 1 1 1 1
 0 0 0 0 0 1 1 1 1 1 1 1 1 1 1 1
 0 0 0 0 0 1 1 1 1 1 1 1 1 1 1 1
 0 0 0 0 1 1 1 1 1 0 0 0 0 0 1 1
 0 0 0 1 1 1 1 1 0 0 0 0 0 0 0 1
 0 0 0 1 1 1 1 0 0 0 0 0 0 0 0 0
 0 0 1 1 1 1 1 0 0 0 0 0 0 0 0 0
 0 0 1 1 1 1 0 0 0 0 0 0 0 0 0 0
 0 0 1 1 1 1 0 0 0 0 0 0 0 0 0 0
 0 1 1 1 1 0 0 0 0 0 0 0 0 0 0 0
 0 1 1 1 1 0 0 0 0 0 0 0 0 0 0 0
 0 1 1 1 1 0 0 0 0 0 0 0 0 0 0 0
 0 1 1 1 1 0 0 0 0 0 0 0 0 0 0 0
 0 1 1 1 0 0 0 0 0 0 0 0 0 0 0 0
 0 1 1 1 0 0 0 0 0 0 0 0 0 0 0 0
 1 1 1 1 0 0 0 0 0 0 0 0 0 0 0 0
 1 1 1 1 0 0 0 0 0 0 0 0 0 0 0 0
 1 1 1 1 0 0 0 0 0 0 0 0 0 0 0 0
 1 1 1 1 0 0 0 0 0 0 0 0 0 0 0 0
 1 1 1 1 0 0 0 0 0 0 0 0 0 0 0 0
 1 1 1 1 0 0 0 0 0 0 0 0 0 0 0 0
 1 1 1 1 0 0 0 0 0 0 0 0 0 0 0 0
 0 1 1 1 0 0 0 0 0 0 0 0 0 0 0 0
 0 1 1 1 0 0 0 0 0 0 0 0 0 0 0 0
 0 1 1 1 0 0 0 0 0 0 0 0 0 0 0 0
 0 1 1 1 1 0 0 0 0 0 0 0 0 0 0 0
 0 1 1 1 1 0 0 0 0 0 0 0 0 0 0 0
 0 1 1 1 1 0 0 0 0 0 0 0 0 0 0 0
 0 1 1 1 1 0 0 0 0 0 0 0 0 0 0 0
 0 0 1 1 1 1 0 0 0 0 0 0 0 0 0 0
 0 0 1 1 1 1 0 0 0 0 0 0 0 0 0 0
 0 0 1 1 1 1 1 0 0 0 0 0 0 0 0 0
 0 0 0 1 1 1 1 0 0 0 0 0 0 0 0 0
 0 0 0 1 1 1 1 1 0 0 0 0 0 0 0 1
 0 0 0 0 1 1 1 1 1 0 0 0 0 0 1 1
 0 0 0 0 0 1 1 1 1 1 1 1 1 1 1 1
 0 0 0 0 0 1 1 1 1 1 1 1 1 1 1 1
 0 0 0 0 0 0 0 1 1 1 1 1 1 1 1 1
 0 0 0 0 0 0 0 0 0 1 1 1 1 1 0 0






# name: <cell-element>
# type: cell
# rows: 1
# columns: 1
# name: <cell-element>
# type: matrix
# rows: 38
# columns: 16
 1 1 1 1 1 1 1 1 1 0 0 0 0 0 0 0
 1 1 1 1 1 1 1 1 1 1 1 1 0 0 0 0
 1 1 1 1 1 1 1 1 1 1 1 1 1 0 0 0
 1 1 1 1 1 1 1 1 1 1 1 1 1 0 0 0
 1 1 1 0 0 0 0 0 0 1 1 1 1 1 0 0
 1 1 1 0 0 0 0 0 0 0 1 1 1 1 0 0
 1 1 1 0 0 0 0 0 0 0 0 1 1 1 1 0
 1 1 1 0 0 0 0 0 0 0 0 1 1 1 1 0
 1 1 1 0 0 0 0 0 0 0 0 0 1 1 1 0
 1 1 1 0 0 0 0 0 0 0 0 0 1 1 1 0
 1 1 1 0 0 0 0 0 0 0 0 0 1 1 1 1
 1 1 1 0 0 0 0 0 0 0 0 0 1 1 1 1
 1 1 1 0 0 0 0 0 0 0 0 0 0 1 1 1
 1 1 1 0 0 0 0 0 0 0 0 0 0 1 1 1
 1 1 1 0 0 0 0 0 0 0 0 0 0 1 1 1
 1 1 1 0 0 0 0 0 0 0 0 0 0 1 1 1
 1 1 1 0 0 0 0 0 0 0 0 0 0 1 1 1
 1 1 1 0 0 0 0 0 0 0 0 0 0 1 1 1
 1 1 1 0 0 0 0 0 0 0 0 0 0 1 1 1
 1 1 1 0 0 0 0 0 0 0 0 0 0 1 1 1
 1 1 1 0 0 0 0 0 0 0 0 0 0 1 1 1
 1 1 1 0 0 0 0 0 0 0 0 0 0 1 1 1
 1 1 1 0 0 0 0 0 0 0 0 0 0 1 1 1
 1 1 1 0 0 0 0 0 0 0 0 0 0 1 1 1
 1 1 1 0 0 0 0 0 0 0 0 0 0 1 1 1
 1 1 1 0 0 0 0 0 0 0 0 0 0 1 1 1
 1 1 1 0 0 0 0 0 0 0 0 0 1 1 1 1
 1 1 1 0 0 0 0 0 0 0 0 0 1 1 1 1
 1 1 1 0 0 0 0 0 0 0 0 0 1 1 1 0
 1 1 1 0 0 0 0 0 0 0 0 1 1 1 1 0
 1 1 1 0 0 0 0 0 0 0 0 1 1 1 1 0
 1 1 1 0 0 0 0 0 0 0 1 1 1 1 0 0
 1 1 1 0 0 0 0 0 0 0 1 1 1 1 0 0
 1 1 1 1 1 0 0 1 1 1 1 1 1 1 0 0
 1 1 1 1 1 1 1 1 1 1 1 1 1 0 0 0
 1 1 1 1 1 1 1 1 1 1 1 1 0 0 0 0
 1 1 1 1 1 1 1 1 1 1 1 0 0 0 0 0
 1 1 1 1 1 1 1 1 1 0 0 0 0 0 0 0






# name: <cell-element>
# type: cell
# rows: 1
# columns: 1
# name: <cell-element>
# type: matrix
# rows: 38
# columns: 14
 1 1 1 1 1 1 1 1 1 1 1 1 1 0
 1 1 1 1 1 1 1 1 1 1 1 1 1 0
 1 1 1 1 1 1 1 1 1 1 1 1 1 0
 1 1 1 1 1 1 1 1 1 1 1 1 1 0
 1 1 1 0 0 0 0 0 0 0 0 0 0 0
 1 1 1 0 0 0 0 0 0 0 0 0 0 0
 1 1 1 0 0 0 0 0 0 0 0 0 0 0
 1 1 1 0 0 0 0 0 0 0 0 0 0 0
 1 1 1 0 0 0 0 0 0 0 0 0 0 0
 1 1 1 0 0 0 0 0 0 0 0 0 0 0
 1 1 1 0 0 0 0 0 0 0 0 0 0 0
 1 1 1 0 0 0 0 0 0 0 0 0 0 0
 1 1 1 0 0 0 0 0 0 0 0 0 0 0
 1 1 1 0 0 0 0 0 0 0 0 0 0 0
 1 1 1 0 0 0 0 0 0 0 0 0 0 0
 1 1 1 0 0 0 0 0 0 0 0 0 0 0
 1 1 1 0 0 0 0 0 0 0 0 0 0 0
 1 1 1 1 1 1 1 1 1 1 1 1 0 0
 1 1 1 1 1 1 1 1 1 1 1 1 0 0
 1 1 1 1 1 1 1 1 1 1 1 1 0 0
 1 1 1 1 1 1 1 1 1 1 1 1 0 0
 1 1 1 0 0 0 0 0 0 0 0 0 0 0
 1 1 1 0 0 0 0 0 0 0 0 0 0 0
 1 1 1 0 0 0 0 0 0 0 0 0 0 0
 1 1 1 0 0 0 0 0 0 0 0 0 0 0
 1 1 1 0 0 0 0 0 0 0 0 0 0 0
 1 1 1 0 0 0 0 0 0 0 0 0 0 0
 1 1 1 0 0 0 0 0 0 0 0 0 0 0
 1 1 1 0 0 0 0 0 0 0 0 0 0 0
 1 1 1 0 0 0 0 0 0 0 0 0 0 0
 1 1 1 0 0 0 0 0 0 0 0 0 0 0
 1 1 1 0 0 0 0 0 0 0 0 0 0 0
 1 1 1 0 0 0 0 0 0 0 0 0 0 0
 1 1 1 1 1 1 1 1 1 1 1 1 1 0
 1 1 1 1 1 1 1 1 1 1 1 1 1 1
 1 1 1 1 1 1 1 1 1 1 1 1 1 1
 1 1 1 1 1 1 1 1 1 1 1 1 1 1
 1 1 1 1 1 1 1 1 1 1 1 1 1 0






# name: <cell-element>
# type: cell
# rows: 1
# columns: 1
# name: <cell-element>
# type: matrix
# rows: 38
# columns: 14
 1 1 1 1 1 1 1 1 1 1 1 1 1 1
 1 1 1 1 1 1 1 1 1 1 1 1 1 1
 1 1 1 1 1 1 1 1 1 1 1 1 1 1
 1 1 1 1 1 1 1 1 1 1 1 1 1 1
 1 1 1 1 0 0 0 0 0 0 0 0 0 0
 1 1 1 1 0 0 0 0 0 0 0 0 0 0
 1 1 1 1 0 0 0 0 0 0 0 0 0 0
 1 1 1 1 0 0 0 0 0 0 0 0 0 0
 1 1 1 1 0 0 0 0 0 0 0 0 0 0
 1 1 1 1 0 0 0 0 0 0 0 0 0 0
 1 1 1 1 0 0 0 0 0 0 0 0 0 0
 1 1 1 1 0 0 0 0 0 0 0 0 0 0
 1 1 1 1 0 0 0 0 0 0 0 0 0 0
 1 1 1 1 0 0 0 0 0 0 0 0 0 0
 1 1 1 1 0 0 0 0 0 0 0 0 0 0
 1 1 1 1 0 0 0 0 0 0 0 0 0 0
 1 1 1 1 0 0 0 0 0 0 0 0 0 0
 1 1 1 1 1 1 1 1 1 1 1 1 1 0
 1 1 1 1 1 1 1 1 1 1 1 1 1 0
 1 1 1 1 1 1 1 1 1 1 1 1 1 0
 1 1 1 1 1 1 1 1 1 1 1 1 0 0
 1 1 1 1 0 0 0 0 0 0 0 0 0 0
 1 1 1 1 0 0 0 0 0 0 0 0 0 0
 1 1 1 1 0 0 0 0 0 0 0 0 0 0
 1 1 1 1 0 0 0 0 0 0 0 0 0 0
 1 1 1 1 0 0 0 0 0 0 0 0 0 0
 1 1 1 1 0 0 0 0 0 0 0 0 0 0
 1 1 1 1 0 0 0 0 0 0 0 0 0 0
 1 1 1 1 0 0 0 0 0 0 0 0 0 0
 1 1 1 1 0 0 0 0 0 0 0 0 0 0
 1 1 1 1 0 0 0 0 0 0 0 0 0 0
 1 1 1 1 0 0 0 0 0 0 0 0 0 0
 1 1 1 1 0 0 0 0 0 0 0 0 0 0
 1 1 1 1 0 0 0 0 0 0 0 0 0 0
 1 1 1 1 0 0 0 0 0 0 0 0 0 0
 1 1 1 1 0 0 0 0 0 0 0 0 0 0
 1 1 1 1 0 0 0 0 0 0 0 0 0 0
 0 1 1 0 0 0 0 0 0 0 0 0 0 0






# name: <cell-element>
# type: cell
# rows: 1
# columns: 1
# name: <cell-element>
# type: matrix
# rows: 40
# columns: 16
 0 0 0 0 0 0 0 0 1 1 1 1 1 1 0 0
 0 0 0 0 0 0 0 1 1 1 1 1 1 1 1 1
 0 0 0 0 0 1 1 1 1 1 1 1 1 1 1 1
 0 0 0 0 0 1 1 1 1 1 1 1 1 1 1 1
 0 0 0 0 1 1 1 1 1 0 0 0 0 0 1 1
 0 0 0 1 1 1 1 1 0 0 0 0 0 0 0 1
 0 0 0 1 1 1 1 0 0 0 0 0 0 0 0 0
 0 0 1 1 1 1 1 0 0 0 0 0 0 0 0 0
 0 0 1 1 1 1 0 0 0 0 0 0 0 0 0 0
 0 0 1 1 1 1 0 0 0 0 0 0 0 0 0 0
 0 1 1 1 1 0 0 0 0 0 0 0 0 0 0 0
 0 1 1 1 1 0 0 0 0 0 0 0 0 0 0 0
 0 1 1 1 1 0 0 0 0 0 0 0 0 0 0 0
 0 1 1 1 1 0 0 0 0 0 0 0 0 0 0 0
 0 1 1 1 0 0 0 0 0 0 0 0 0 0 0 0
 0 1 1 1 0 0 0 0 0 0 0 0 0 0 0 0
 0 1 1 1 0 0 0 0 0 0 0 0 0 0 0 0
 1 1 1 1 0 0 0 0 0 0 0 0 0 0 0 0
 1 1 1 1 0 0 0 0 0 0 0 0 0 0 0 0
 1 1 1 1 0 0 0 0 0 0 0 0 0 0 0 0
 1 1 1 1 0 0 0 0 0 0 1 1 1 1 1 1
 1 1 1 1 0 0 0 0 0 0 1 1 1 1 1 1
 1 1 1 1 0 0 0 0 0 0 1 1 1 1 1 1
 0 1 1 1 0 0 0 0 0 0 1 1 1 1 1 1
 0 1 1 1 0 0 0 0 0 0 0 0 0 1 1 1
 0 1 1 1 0 0 0 0 0 0 0 0 0 1 1 1
 0 1 1 1 1 0 0 0 0 0 0 0 0 1 1 1
 0 1 1 1 1 0 0 0 0 0 0 0 0 1 1 1
 0 1 1 1 1 0 0 0 0 0 0 0 0 1 1 1
 0 0 1 1 1 0 0 0 0 0 0 0 0 1 1 1
 0 0 1 1 1 1 0 0 0 0 0 0 0 1 1 1
 0 0 1 1 1 1 0 0 0 0 0 0 0 1 1 1
 0 0 1 1 1 1 1 0 0 0 0 0 0 1 1 1
 0 0 0 1 1 1 1 0 0 0 0 0 0 1 1 1
 0 0 0 1 1 1 1 1 0 0 0 0 0 1 1 1
 0 0 0 0 1 1 1 1 1 0 0 0 0 1 1 1
 0 0 0 0 0 1 1 1 1 1 1 1 1 1 1 1
 0 0 0 0 0 1 1 1 1 1 1 1 1 1 1 1
 0 0 0 0 0 0 0 1 1 1 1 1 1 1 1 1
 0 0 0 0 0 0 0 0 0 1 1 1 1 1 1 0






# name: <cell-element>
# type: cell
# rows: 1
# columns: 1
# name: <cell-element>
# type: matrix
# rows: 38
# columns: 16
 1 1 1 0 0 0 0 0 0 0 0 0 1 1 1 0
 1 1 1 0 0 0 0 0 0 0 0 0 1 1 1 1
 1 1 1 0 0 0 0 0 0 0 0 0 1 1 1 1
 1 1 1 0 0 0 0 0 0 0 0 0 1 1 1 1
 1 1 1 0 0 0 0 0 0 0 0 0 1 1 1 1
 1 1 1 0 0 0 0 0 0 0 0 0 1 1 1 1
 1 1 1 0 0 0 0 0 0 0 0 0 1 1 1 1
 1 1 1 0 0 0 0 0 0 0 0 0 1 1 1 1
 1 1 1 0 0 0 0 0 0 0 0 0 1 1 1 1
 1 1 1 0 0 0 0 0 0 0 0 0 1 1 1 1
 1 1 1 0 0 0 0 0 0 0 0 0 1 1 1 1
 1 1 1 0 0 0 0 0 0 0 0 0 1 1 1 1
 1 1 1 0 0 0 0 0 0 0 0 0 1 1 1 1
 1 1 1 0 0 0 0 0 0 0 0 0 1 1 1 1
 1 1 1 0 0 0 0 0 0 0 0 0 1 1 1 1
 1 1 1 0 0 0 0 0 0 0 0 0 1 1 1 1
 1 1 1 1 1 1 1 1 1 1 1 1 1 1 1 1
 1 1 1 1 1 1 1 1 1 1 1 1 1 1 1 1
 1 1 1 1 1 1 1 1 1 1 1 1 1 1 1 1
 1 1 1 1 1 1 1 1 1 1 1 1 1 1 1 1
 1 1 1 0 0 0 0 0 0 0 0 0 1 1 1 1
 1 1 1 0 0 0 0 0 0 0 0 0 1 1 1 1
 1 1 1 0 0 0 0 0 0 0 0 0 1 1 1 1
 1 1 1 0 0 0 0 0 0 0 0 0 1 1 1 1
 1 1 1 0 0 0 0 0 0 0 0 0 1 1 1 1
 1 1 1 0 0 0 0 0 0 0 0 0 1 1 1 1
 1 1 1 0 0 0 0 0 0 0 0 0 1 1 1 1
 1 1 1 0 0 0 0 0 0 0 0 0 1 1 1 1
 1 1 1 0 0 0 0 0 0 0 0 0 1 1 1 1
 1 1 1 0 0 0 0 0 0 0 0 0 1 1 1 1
 1 1 1 0 0 0 0 0 0 0 0 0 1 1 1 1
 1 1 1 0 0 0 0 0 0 0 0 0 1 1 1 1
 1 1 1 0 0 0 0 0 0 0 0 0 1 1 1 1
 1 1 1 0 0 0 0 0 0 0 0 0 1 1 1 1
 1 1 1 0 0 0 0 0 0 0 0 0 1 1 1 1
 1 1 1 0 0 0 0 0 0 0 0 0 1 1 1 1
 1 1 1 0 0 0 0 0 0 0 0 0 1 1 1 1
 1 1 1 0 0 0 0 0 0 0 0 0 1 1 1 0






# name: <cell-element>
# type: cell
# rows: 1
# columns: 1
# name: <cell-element>
# type: matrix
# rows: 38
# columns: 15
 1 1 1 1 1 1 1 1 1 1 1 1 1 1 1
 1 1 1 1 1 1 1 1 1 1 1 1 1 1 1
 1 1 1 1 1 1 1 1 1 1 1 1 1 1 1
 1 1 1 1 1 1 1 1 1 1 1 1 1 1 1
 0 0 0 0 0 0 1 1 1 0 0 0 0 0 0
 0 0 0 0 0 0 1 1 1 0 0 0 0 0 0
 0 0 0 0 0 0 1 1 1 0 0 0 0 0 0
 0 0 0 0 0 0 1 1 1 0 0 0 0 0 0
 0 0 0 0 0 0 1 1 1 0 0 0 0 0 0
 0 0 0 0 0 0 1 1 1 0 0 0 0 0 0
 0 0 0 0 0 0 1 1 1 0 0 0 0 0 0
 0 0 0 0 0 0 1 1 1 0 0 0 0 0 0
 0 0 0 0 0 0 1 1 1 0 0 0 0 0 0
 0 0 0 0 0 0 1 1 1 0 0 0 0 0 0
 0 0 0 0 0 0 1 1 1 0 0 0 0 0 0
 0 0 0 0 0 0 1 1 1 0 0 0 0 0 0
 0 0 0 0 0 0 1 1 1 0 0 0 0 0 0
 0 0 0 0 0 0 1 1 1 0 0 0 0 0 0
 0 0 0 0 0 0 1 1 1 0 0 0 0 0 0
 0 0 0 0 0 0 1 1 1 0 0 0 0 0 0
 0 0 0 0 0 0 1 1 1 0 0 0 0 0 0
 0 0 0 0 0 0 1 1 1 0 0 0 0 0 0
 0 0 0 0 0 0 1 1 1 0 0 0 0 0 0
 0 0 0 0 0 0 1 1 1 0 0 0 0 0 0
 0 0 0 0 0 0 1 1 1 0 0 0 0 0 0
 0 0 0 0 0 0 1 1 1 0 0 0 0 0 0
 0 0 0 0 0 0 1 1 1 0 0 0 0 0 0
 0 0 0 0 0 0 1 1 1 0 0 0 0 0 0
 0 0 0 0 0 0 1 1 1 0 0 0 0 0 0
 0 0 0 0 0 0 1 1 1 0 0 0 0 0 0
 0 0 0 0 0 0 1 1 1 0 0 0 0 0 0
 0 0 0 0 0 0 1 1 1 0 0 0 0 0 0
 0 0 0 0 0 0 1 1 1 0 0 0 0 0 0
 0 0 0 0 0 0 1 1 1 0 0 0 0 0 0
 1 1 1 1 1 1 1 1 1 1 1 1 1 1 1
 1 1 1 1 1 1 1 1 1 1 1 1 1 1 1
 1 1 1 1 1 1 1 1 1 1 1 1 1 1 1
 1 1 1 1 1 1 1 1 1 1 1 1 1 1 1






# name: <cell-element>
# type: cell
# rows: 1
# columns: 1
# name: <cell-element>
# type: matrix
# rows: 39
# columns: 14
 0 0 0 0 0 1 1 1 1 1 1 1 1 1
 0 0 0 0 0 1 1 1 1 1 1 1 1 1
 0 0 0 0 0 1 1 1 1 1 1 1 1 1
 0 0 0 0 0 1 1 1 1 1 1 1 1 1
 0 0 0 0 0 0 0 0 0 0 0 1 1 1
 0 0 0 0 0 0 0 0 0 0 0 1 1 1
 0 0 0 0 0 0 0 0 0 0 0 1 1 1
 0 0 0 0 0 0 0 0 0 0 0 1 1 1
 0 0 0 0 0 0 0 0 0 0 0 1 1 1
 0 0 0 0 0 0 0 0 0 0 0 1 1 1
 0 0 0 0 0 0 0 0 0 0 0 1 1 1
 0 0 0 0 0 0 0 0 0 0 0 1 1 1
 0 0 0 0 0 0 0 0 0 0 0 1 1 1
 0 0 0 0 0 0 0 0 0 0 0 1 1 1
 0 0 0 0 0 0 0 0 0 0 0 1 1 1
 0 0 0 0 0 0 0 0 0 0 0 1 1 1
 0 0 0 0 0 0 0 0 0 0 0 1 1 1
 0 0 0 0 0 0 0 0 0 0 0 1 1 1
 0 0 0 0 0 0 0 0 0 0 0 1 1 1
 0 0 0 0 0 0 0 0 0 0 0 1 1 1
 0 0 0 0 0 0 0 0 0 0 0 1 1 1
 0 0 0 0 0 0 0 0 0 0 0 1 1 1
 0 0 0 0 0 0 0 0 0 0 0 1 1 1
 0 0 0 0 0 0 0 0 0 0 0 1 1 1
 0 0 0 0 0 0 0 0 0 0 0 1 1 1
 0 0 0 0 0 0 0 0 0 0 0 1 1 1
 0 0 0 0 0 0 0 0 0 0 0 1 1 1
 0 0 0 0 0 0 0 0 0 0 0 1 1 1
 0 0 0 0 0 0 0 0 0 0 0 1 1 1
 0 0 0 0 0 0 0 0 0 0 0 1 1 1
 0 0 0 0 0 0 0 0 0 0 1 1 1 1
 0 0 0 0 0 0 0 0 0 0 1 1 1 1
 0 0 0 0 0 0 0 0 0 0 1 1 1 1
 1 1 0 0 0 0 0 0 0 1 1 1 1 0
 1 1 1 1 0 0 0 0 1 1 1 1 1 0
 1 1 1 1 1 1 1 1 1 1 1 1 0 0
 1 1 1 1 1 1 1 1 1 1 1 1 0 0
 0 1 1 1 1 1 1 1 1 1 1 0 0 0
 0 0 0 1 1 1 1 1 1 0 0 0 0 0






# name: <cell-element>
# type: cell
# rows: 1
# columns: 1
# name: <cell-element>
# type: matrix
# rows: 38
# columns: 17
 1 1 1 1 0 0 0 0 0 0 0 0 0 1 1 1 0
 1 1 1 1 0 0 0 0 0 0 0 0 1 1 1 1 0
 1 1 1 1 0 0 0 0 0 0 0 1 1 1 1 0 0
 1 1 1 1 0 0 0 0 0 0 0 1 1 1 1 0 0
 1 1 1 1 0 0 0 0 0 0 1 1 1 1 0 0 0
 1 1 1 1 0 0 0 0 0 0 1 1 1 1 0 0 0
 1 1 1 1 0 0 0 0 0 0 1 1 1 0 0 0 0
 1 1 1 1 0 0 0 0 0 1 1 1 1 0 0 0 0
 1 1 1 1 0 0 0 0 1 1 1 1 0 0 0 0 0
 1 1 1 1 0 0 0 0 1 1 1 1 0 0 0 0 0
 1 1 1 1 0 0 0 1 1 1 1 0 0 0 0 0 0
 1 1 1 1 0 0 0 1 1 1 0 0 0 0 0 0 0
 1 1 1 1 0 0 1 1 1 1 0 0 0 0 0 0 0
 1 1 1 1 0 0 1 1 1 1 0 0 0 0 0 0 0
 1 1 1 1 0 1 1 1 1 0 0 0 0 0 0 0 0
 1 1 1 1 0 1 1 1 1 0 0 0 0 0 0 0 0
 1 1 1 1 1 1 1 1 0 0 0 0 0 0 0 0 0
 1 1 1 1 1 1 1 1 0 0 0 0 0 0 0 0 0
 1 1 1 1 1 1 1 1 0 0 0 0 0 0 0 0 0
 1 1 1 1 1 1 1 1 0 0 0 0 0 0 0 0 0
 1 1 1 1 1 1 1 1 1 0 0 0 0 0 0 0 0
 1 1 1 1 0 1 1 1 1 0 0 0 0 0 0 0 0
 1 1 1 1 0 1 1 1 1 1 0 0 0 0 0 0 0
 1 1 1 1 0 0 1 1 1 1 0 0 0 0 0 0 0
 1 1 1 1 0 0 1 1 1 1 1 0 0 0 0 0 0
 1 1 1 1 0 0 0 1 1 1 1 0 0 0 0 0 0
 1 1 1 1 0 0 0 1 1 1 1 1 0 0 0 0 0
 1 1 1 1 0 0 0 0 1 1 1 1 0 0 0 0 0
 1 1 1 1 0 0 0 0 1 1 1 1 1 0 0 0 0
 1 1 1 1 0 0 0 0 0 1 1 1 1 0 0 0 0
 1 1 1 1 0 0 0 0 0 0 1 1 1 1 0 0 0
 1 1 1 1 0 0 0 0 0 0 1 1 1 1 0 0 0
 1 1 1 1 0 0 0 0 0 0 0 1 1 1 1 0 0
 1 1 1 1 0 0 0 0 0 0 0 1 1 1 1 1 0
 1 1 1 1 0 0 0 0 0 0 0 0 1 1 1 1 0
 1 1 1 1 0 0 0 0 0 0 0 0 1 1 1 1 0
 1 1 1 1 0 0 0 0 0 0 0 0 0 1 1 1 1
 1 1 1 0 0 0 0 0 0 0 0 0 0 1 1 1 1






# name: <cell-element>
# type: cell
# rows: 1
# columns: 1
# name: <cell-element>
# type: matrix
# rows: 38
# columns: 14
 1 1 1 0 0 0 0 0 0 0 0 0 0 0
 1 1 1 1 0 0 0 0 0 0 0 0 0 0
 1 1 1 1 0 0 0 0 0 0 0 0 0 0
 1 1 1 1 0 0 0 0 0 0 0 0 0 0
 1 1 1 1 0 0 0 0 0 0 0 0 0 0
 1 1 1 1 0 0 0 0 0 0 0 0 0 0
 1 1 1 1 0 0 0 0 0 0 0 0 0 0
 1 1 1 1 0 0 0 0 0 0 0 0 0 0
 1 1 1 1 0 0 0 0 0 0 0 0 0 0
 1 1 1 1 0 0 0 0 0 0 0 0 0 0
 1 1 1 1 0 0 0 0 0 0 0 0 0 0
 1 1 1 1 0 0 0 0 0 0 0 0 0 0
 1 1 1 1 0 0 0 0 0 0 0 0 0 0
 1 1 1 1 0 0 0 0 0 0 0 0 0 0
 1 1 1 1 0 0 0 0 0 0 0 0 0 0
 1 1 1 1 0 0 0 0 0 0 0 0 0 0
 1 1 1 1 0 0 0 0 0 0 0 0 0 0
 1 1 1 1 0 0 0 0 0 0 0 0 0 0
 1 1 1 1 0 0 0 0 0 0 0 0 0 0
 1 1 1 1 0 0 0 0 0 0 0 0 0 0
 1 1 1 1 0 0 0 0 0 0 0 0 0 0
 1 1 1 1 0 0 0 0 0 0 0 0 0 0
 1 1 1 1 0 0 0 0 0 0 0 0 0 0
 1 1 1 1 0 0 0 0 0 0 0 0 0 0
 1 1 1 1 0 0 0 0 0 0 0 0 0 0
 1 1 1 1 0 0 0 0 0 0 0 0 0 0
 1 1 1 1 0 0 0 0 0 0 0 0 0 0
 1 1 1 1 0 0 0 0 0 0 0 0 0 0
 1 1 1 1 0 0 0 0 0 0 0 0 0 0
 1 1 1 1 0 0 0 0 0 0 0 0 0 0
 1 1 1 1 0 0 0 0 0 0 0 0 0 0
 1 1 1 1 0 0 0 0 0 0 0 0 0 0
 1 1 1 1 0 0 0 0 0 0 0 0 0 0
 1 1 1 1 1 1 0 0 1 1 0 1 1 0
 1 1 1 1 1 1 1 1 1 1 1 1 1 1
 1 1 1 1 1 1 1 1 1 1 1 1 1 1
 1 1 1 1 1 1 1 1 1 1 1 1 1 1
 1 1 1 1 1 1 1 1 1 1 1 1 1 1






# name: <cell-element>
# type: cell
# rows: 1
# columns: 1
# name: <cell-element>
# type: matrix
# rows: 38
# columns: 19
 1 1 1 1 0 0 0 0 0 0 0 0 0 0 0 1 1 1 1
 1 1 1 1 0 0 0 0 0 0 0 0 0 0 0 1 1 1 1
 1 1 1 1 1 0 0 0 0 0 0 0 0 0 0 1 1 1 1
 1 1 1 1 1 0 0 0 0 0 0 0 0 0 0 1 1 1 1
 1 1 1 1 1 0 0 0 0 0 0 0 0 0 1 1 1 1 1
 1 1 1 1 1 0 0 0 0 0 0 0 0 0 1 1 1 1 1
 1 1 1 1 1 0 0 0 0 0 0 0 0 0 1 1 1 1 1
 1 1 1 1 1 1 0 0 0 0 0 0 0 0 1 1 1 1 1
 1 1 1 1 1 1 0 0 0 0 0 0 0 1 1 1 1 1 1
 1 1 1 1 1 1 0 0 0 0 0 0 0 1 1 1 1 1 1
 1 1 1 1 1 1 0 0 0 0 0 0 0 1 1 1 1 1 1
 1 1 1 1 1 1 1 0 0 0 0 0 0 1 1 1 1 1 1
 1 1 1 1 1 1 1 0 0 0 0 0 1 1 1 1 1 1 1
 1 1 1 1 1 1 1 0 0 0 0 0 1 1 1 1 1 1 1
 1 1 1 1 1 1 1 0 0 0 0 0 1 1 1 1 1 1 1
 1 1 1 0 1 1 1 1 0 0 0 0 1 1 1 1 1 1 1
 1 1 1 0 1 1 1 1 0 0 0 0 1 1 0 0 1 1 1
 1 1 1 0 0 1 1 1 0 0 0 1 1 1 0 0 1 1 1
 1 1 1 0 0 1 1 1 0 0 0 1 1 1 0 0 1 1 1
 1 1 1 0 0 1 1 1 0 0 0 1 1 1 0 0 1 1 1
 1 1 1 0 0 1 1 1 1 0 0 1 1 0 0 0 1 1 1
 1 1 1 0 0 0 1 1 1 0 1 1 1 0 0 0 1 1 1
 1 1 1 0 0 0 1 1 1 0 1 1 1 0 0 0 1 1 1
 1 1 1 0 0 0 1 1 1 1 1 1 1 0 0 0 1 1 1
 1 1 1 0 0 0 1 1 1 1 1 1 1 0 0 0 1 1 1
 1 1 1 0 0 0 0 1 1 1 1 1 0 0 0 0 1 1 1
 1 1 1 0 0 0 0 1 1 1 1 1 0 0 0 0 1 1 1
 1 1 1 0 0 0 0 1 1 1 1 1 0 0 0 0 1 1 1
 1 1 1 0 0 0 0 1 1 1 1 1 0 0 0 0 1 1 1
 1 1 1 0 0 0 0 1 1 1 1 0 0 0 0 0 1 1 1
 1 1 1 0 0 0 0 0 0 0 0 0 0 0 0 0 1 1 1
 1 1 1 0 0 0 0 0 0 0 0 0 0 0 0 0 1 1 1
 1 1 1 0 0 0 0 0 0 0 0 0 0 0 0 0 1 1 1
 1 1 1 0 0 0 0 0 0 0 0 0 0 0 0 0 1 1 1
 1 1 1 0 0 0 0 0 0 0 0 0 0 0 0 0 1 1 1
 1 1 1 0 0 0 0 0 0 0 0 0 0 0 0 0 1 1 1
 1 1 1 0 0 0 0 0 0 0 0 0 0 0 0 0 1 1 1
 0 1 1 0 0 0 0 0 0 0 0 0 0 0 0 0 1 1 0






# name: <cell-element>
# type: cell
# rows: 1
# columns: 1
# name: <cell-element>
# type: matrix
# rows: 38
# columns: 16
 1 1 1 0 0 0 0 0 0 0 0 0 1 1 1 0
 1 1 1 0 0 0 0 0 0 0 0 0 1 1 1 1
 1 1 1 1 0 0 0 0 0 0 0 0 1 1 1 1
 1 1 1 1 0 0 0 0 0 0 0 0 1 1 1 1
 1 1 1 1 0 0 0 0 0 0 0 0 1 1 1 1
 1 1 1 1 1 0 0 0 0 0 0 0 1 1 1 1
 1 1 1 1 1 0 0 0 0 0 0 0 1 1 1 1
 1 1 1 1 1 0 0 0 0 0 0 0 1 1 1 1
 1 1 1 1 1 1 0 0 0 0 0 0 1 1 1 1
 1 1 1 1 1 1 0 0 0 0 0 0 1 1 1 1
 1 1 1 1 1 1 0 0 0 0 0 0 1 1 1 1
 1 1 1 1 1 1 1 0 0 0 0 0 1 1 1 1
 1 1 1 0 1 1 1 0 0 0 0 0 1 1 1 1
 1 1 1 0 1 1 1 0 0 0 0 0 1 1 1 1
 1 1 1 0 1 1 1 1 0 0 0 0 1 1 1 1
 1 1 1 0 0 1 1 1 0 0 0 0 1 1 1 1
 1 1 1 0 0 1 1 1 1 0 0 0 1 1 1 1
 1 1 1 0 0 1 1 1 1 0 0 0 1 1 1 1
 1 1 1 0 0 0 1 1 1 0 0 0 1 1 1 1
 1 1 1 0 0 0 1 1 1 1 0 0 1 1 1 1
 1 1 1 0 0 0 1 1 1 1 0 0 1 1 1 1
 1 1 1 0 0 0 0 1 1 1 0 0 1 1 1 1
 1 1 1 0 0 0 0 1 1 1 1 0 1 1 1 1
 1 1 1 0 0 0 0 1 1 1 1 0 1 1 1 1
 1 1 1 0 0 0 0 0 1 1 1 0 1 1 1 1
 1 1 1 0 0 0 0 0 1 1 1 1 1 1 1 1
 1 1 1 0 0 0 0 0 1 1 1 1 1 1 1 1
 1 1 1 0 0 0 0 0 0 1 1 1 1 1 1 1
 1 1 1 0 0 0 0 0 0 1 1 1 1 1 1 1
 1 1 1 0 0 0 0 0 0 1 1 1 1 1 1 1
 1 1 1 0 0 0 0 0 0 0 1 1 1 1 1 1
 1 1 1 0 0 0 0 0 0 0 1 1 1 1 1 1
 1 1 1 0 0 0 0 0 0 0 0 1 1 1 1 1
 1 1 1 0 0 0 0 0 0 0 0 1 1 1 1 1
 1 1 1 0 0 0 0 0 0 0 0 1 1 1 1 1
 1 1 1 0 0 0 0 0 0 0 0 0 1 1 1 1
 1 1 1 0 0 0 0 0 0 0 0 0 1 1 1 1
 1 1 0 0 0 0 0 0 0 0 0 0 1 1 1 0






# name: <cell-element>
# type: cell
# rows: 1
# columns: 1
# name: <cell-element>
# type: matrix
# rows: 40
# columns: 18
 0 0 0 0 0 0 1 1 1 1 1 0 0 0 0 0 0 0
 0 0 0 0 0 1 1 1 1 1 1 1 1 0 0 0 0 0
 0 0 0 0 1 1 1 1 1 1 1 1 1 1 0 0 0 0
 0 0 0 1 1 1 1 1 1 1 1 1 1 1 0 0 0 0
 0 0 1 1 1 1 1 0 0 0 0 1 1 1 1 0 0 0
 0 0 1 1 1 1 0 0 0 0 0 1 1 1 1 0 0 0
 0 0 1 1 1 0 0 0 0 0 0 0 1 1 1 1 0 0
 0 1 1 1 1 0 0 0 0 0 0 0 1 1 1 1 0 0
 0 1 1 1 1 0 0 0 0 0 0 0 0 1 1 1 0 0
 0 1 1 1 0 0 0 0 0 0 0 0 0 1 1 1 1 0
 0 1 1 1 0 0 0 0 0 0 0 0 0 1 1 1 1 0
 1 1 1 1 0 0 0 0 0 0 0 0 0 0 1 1 1 0
 1 1 1 1 0 0 0 0 0 0 0 0 0 0 1 1 1 0
 1 1 1 1 0 0 0 0 0 0 0 0 0 0 1 1 1 0
 1 1 1 0 0 0 0 0 0 0 0 0 0 0 1 1 1 0
 1 1 1 0 0 0 0 0 0 0 0 0 0 0 1 1 1 0
 1 1 1 0 0 0 0 0 0 0 0 0 0 0 1 1 1 0
 1 1 1 0 0 0 0 0 0 0 0 0 0 0 1 1 1 1
 1 1 1 0 0 0 0 0 0 0 0 0 0 0 1 1 1 1
 1 1 1 0 0 0 0 0 0 0 0 0 0 0 1 1 1 1
 1 1 1 0 0 0 0 0 0 0 0 0 0 0 1 1 1 1
 1 1 1 0 0 0 0 0 0 0 0 0 0 0 1 1 1 1
 1 1 1 0 0 0 0 0 0 0 0 0 0 0 1 1 1 1
 1 1 1 0 0 0 0 0 0 0 0 0 0 0 1 1 1 0
 1 1 1 0 0 0 0 0 0 0 0 0 0 0 1 1 1 0
 1 1 1 0 0 0 0 0 0 0 0 0 0 0 1 1 1 0
 1 1 1 1 0 0 0 0 0 0 0 0 0 0 1 1 1 0
 1 1 1 1 0 0 0 0 0 0 0 0 0 0 1 1 1 0
 1 1 1 1 0 0 0 0 0 0 0 0 0 0 1 1 1 0
 0 1 1 1 0 0 0 0 0 0 0 0 0 1 1 1 1 0
 0 1 1 1 0 0 0 0 0 0 0 0 0 1 1 1 1 0
 0 1 1 1 1 0 0 0 0 0 0 0 0 1 1 1 0 0
 0 1 1 1 1 0 0 0 0 0 0 0 1 1 1 1 0 0
 0 0 1 1 1 0 0 0 0 0 0 0 1 1 1 1 0 0
 0 0 1 1 1 1 0 0 0 0 0 1 1 1 1 0 0 0
 0 0 1 1 1 1 1 0 0 0 1 1 1 1 1 0 0 0
 0 0 0 1 1 1 1 1 1 1 1 1 1 1 0 0 0 0
 0 0 0 0 1 1 1 1 1 1 1 1 1 1 0 0 0 0
 0 0 0 0 0 1 1 1 1 1 1 1 1 0 0 0 0 0
 0 0 0 0 0 0 1 1 1 1 1 0 0 0 0 0 0 0






# name: <cell-element>
# type: cell
# rows: 1
# columns: 1
# name: <cell-element>
# type: matrix
# rows: 38
# columns: 16
 1 1 1 1 1 1 1 1 1 1 1 0 0 0 0 0
 1 1 1 1 1 1 1 1 1 1 1 1 1 0 0 0
 1 1 1 1 1 1 1 1 1 1 1 1 1 1 0 0
 1 1 1 1 1 1 1 1 1 1 1 1 1 1 0 0
 1 1 1 1 0 0 0 0 0 1 1 1 1 1 1 0
 1 1 1 1 0 0 0 0 0 0 0 1 1 1 1 0
 1 1 1 1 0 0 0 0 0 0 0 0 1 1 1 1
 1 1 1 1 0 0 0 0 0 0 0 0 1 1 1 1
 1 1 1 1 0 0 0 0 0 0 0 0 1 1 1 1
 1 1 1 1 0 0 0 0 0 0 0 0 0 1 1 1
 1 1 1 1 0 0 0 0 0 0 0 0 0 1 1 1
 1 1 1 1 0 0 0 0 0 0 0 0 0 1 1 1
 1 1 1 1 0 0 0 0 0 0 0 0 0 1 1 1
 1 1 1 1 0 0 0 0 0 0 0 0 1 1 1 1
 1 1 1 1 0 0 0 0 0 0 0 0 1 1 1 1
 1 1 1 1 0 0 0 0 0 0 0 0 1 1 1 1
 1 1 1 1 0 0 0 0 0 0 0 0 1 1 1 0
 1 1 1 1 0 0 0 0 0 0 0 1 1 1 1 0
 1 1 1 1 0 0 0 0 0 0 1 1 1 1 0 0
 1 1 1 1 0 0 0 0 0 1 1 1 1 1 0 0
 1 1 1 1 1 1 1 1 1 1 1 1 1 0 0 0
 1 1 1 1 1 1 1 1 1 1 1 1 0 0 0 0
 1 1 1 1 1 1 1 1 1 1 1 0 0 0 0 0
 1 1 1 1 1 1 1 1 1 1 0 0 0 0 0 0
 1 1 1 1 0 0 0 0 0 0 0 0 0 0 0 0
 1 1 1 1 0 0 0 0 0 0 0 0 0 0 0 0
 1 1 1 1 0 0 0 0 0 0 0 0 0 0 0 0
 1 1 1 1 0 0 0 0 0 0 0 0 0 0 0 0
 1 1 1 1 0 0 0 0 0 0 0 0 0 0 0 0
 1 1 1 1 0 0 0 0 0 0 0 0 0 0 0 0
 1 1 1 1 0 0 0 0 0 0 0 0 0 0 0 0
 1 1 1 1 0 0 0 0 0 0 0 0 0 0 0 0
 1 1 1 1 0 0 0 0 0 0 0 0 0 0 0 0
 1 1 1 1 0 0 0 0 0 0 0 0 0 0 0 0
 1 1 1 1 0 0 0 0 0 0 0 0 0 0 0 0
 1 1 1 1 0 0 0 0 0 0 0 0 0 0 0 0
 1 1 1 1 0 0 0 0 0 0 0 0 0 0 0 0
 0 1 1 1 0 0 0 0 0 0 0 0 0 0 0 0






# name: <cell-element>
# type: cell
# rows: 1
# columns: 1
# name: <cell-element>
# type: matrix
# rows: 41
# columns: 18
 0 0 0 0 0 0 1 1 1 1 1 0 0 0 0 0 0 0
 0 0 0 0 0 1 1 1 1 1 1 1 1 0 0 0 0 0
 0 0 0 0 1 1 1 1 1 1 1 1 1 1 0 0 0 0
 0 0 0 1 1 1 1 1 1 1 1 1 1 1 0 0 0 0
 0 0 1 1 1 1 1 0 0 0 0 1 1 1 1 0 0 0
 0 0 1 1 1 1 0 0 0 0 0 1 1 1 1 0 0 0
 0 0 1 1 1 0 0 0 0 0 0 0 1 1 1 1 0 0
 0 1 1 1 1 0 0 0 0 0 0 0 1 1 1 1 0 0
 0 1 1 1 1 0 0 0 0 0 0 0 0 1 1 1 0 0
 0 1 1 1 0 0 0 0 0 0 0 0 0 1 1 1 1 0
 0 1 1 1 0 0 0 0 0 0 0 0 0 1 1 1 1 0
 1 1 1 1 0 0 0 0 0 0 0 0 0 0 1 1 1 0
 1 1 1 1 0 0 0 0 0 0 0 0 0 0 1 1 1 0
 1 1 1 1 0 0 0 0 0 0 0 0 0 0 1 1 1 0
 1 1 1 0 0 0 0 0 0 0 0 0 0 0 1 1 1 0
 1 1 1 0 0 0 0 0 0 0 0 0 0 0 1 1 1 0
 1 1 1 0 0 0 0 0 0 0 0 0 0 0 1 1 1 0
 1 1 1 0 0 0 0 0 0 0 0 0 0 0 1 1 1 1
 1 1 1 0 0 0 0 0 0 0 0 0 0 0 1 1 1 1
 1 1 1 0 0 0 0 0 0 0 0 0 0 0 1 1 1 1
 1 1 1 0 0 0 0 0 0 0 0 0 0 0 1 1 1 1
 1 1 1 0 0 0 0 0 0 0 0 0 0 0 1 1 1 1
 1 1 1 0 0 0 0 0 0 0 0 0 0 0 1 1 1 1
 1 1 1 0 0 0 0 0 0 0 0 0 0 0 1 1 1 1
 1 1 1 0 0 0 0 0 0 0 0 0 0 0 1 1 1 0
 1 1 1 0 0 0 0 0 0 0 0 0 0 0 1 1 1 0
 1 1 1 1 0 0 0 0 0 0 0 0 0 0 1 1 1 0
 1 1 1 1 0 0 0 0 0 0 0 0 0 0 1 1 1 0
 1 1 1 1 0 0 0 0 0 1 1 0 0 0 1 1 1 0
 0 1 1 1 0 0 0 0 1 1 1 0 0 1 1 1 1 0
 0 1 1 1 0 0 0 0 1 1 1 1 0 1 1 1 1 0
 0 1 1 1 1 0 0 0 0 1 1 1 1 1 1 1 0 0
 0 1 1 1 1 0 0 0 0 0 1 1 1 1 1 1 0 0
 0 0 1 1 1 0 0 0 0 0 1 1 1 1 1 1 0 0
 0 0 1 1 1 1 0 0 0 0 0 1 1 1 1 0 0 0
 0 0 0 1 1 1 1 0 0 0 1 1 1 1 1 1 0 0
 0 0 0 1 1 1 1 1 1 1 1 1 1 1 1 1 0 0
 0 0 0 0 1 1 1 1 1 1 1 1 1 1 1 1 1 0
 0 0 0 0 0 1 1 1 1 1 1 1 1 1 1 1 1 0
 0 0 0 0 0 0 0 1 1 1 0 0 0 0 1 1 1 1
 0 0 0 0 0 0 0 0 0 0 0 0 0 0 0 1 1 0






# name: <cell-element>
# type: cell
# rows: 1
# columns: 1
# name: <cell-element>
# type: matrix
# rows: 38
# columns: 17
 1 1 1 1 1 1 1 1 1 1 0 0 0 0 0 0 0
 1 1 1 1 1 1 1 1 1 1 1 1 0 0 0 0 0
 1 1 1 1 1 1 1 1 1 1 1 1 1 0 0 0 0
 1 1 1 1 1 1 1 1 1 1 1 1 1 1 0 0 0
 1 1 1 1 0 0 0 0 0 1 1 1 1 1 0 0 0
 1 1 1 0 0 0 0 0 0 0 1 1 1 1 1 0 0
 1 1 1 0 0 0 0 0 0 0 0 1 1 1 1 0 0
 1 1 1 0 0 0 0 0 0 0 0 1 1 1 1 0 0
 1 1 1 0 0 0 0 0 0 0 0 0 1 1 1 0 0
 1 1 1 0 0 0 0 0 0 0 0 0 1 1 1 0 0
 1 1 1 0 0 0 0 0 0 0 0 0 1 1 1 0 0
 1 1 1 0 0 0 0 0 0 0 0 1 1 1 1 0 0
 1 1 1 0 0 0 0 0 0 0 0 1 1 1 1 0 0
 1 1 1 0 0 0 0 0 0 0 0 1 1 1 0 0 0
 1 1 1 0 0 0 0 0 0 0 0 1 1 1 0 0 0
 1 1 1 0 0 0 0 0 0 0 1 1 1 1 0 0 0
 1 1 1 0 0 0 0 0 0 1 1 1 1 0 0 0 0
 1 1 1 0 0 0 0 0 1 1 1 1 1 0 0 0 0
 1 1 1 1 1 1 1 1 1 1 1 1 0 0 0 0 0
 1 1 1 1 1 1 1 1 1 1 1 0 0 0 0 0 0
 1 1 1 1 1 1 1 1 1 1 0 0 0 0 0 0 0
 1 1 1 1 1 1 1 1 1 1 1 0 0 0 0 0 0
 1 1 1 0 0 0 0 1 1 1 1 0 0 0 0 0 0
 1 1 1 0 0 0 0 1 1 1 1 0 0 0 0 0 0
 1 1 1 0 0 0 0 0 1 1 1 1 0 0 0 0 0
 1 1 1 0 0 0 0 0 1 1 1 1 0 0 0 0 0
 1 1 1 0 0 0 0 0 1 1 1 1 1 0 0 0 0
 1 1 1 0 0 0 0 0 0 1 1 1 1 0 0 0 0
 1 1 1 0 0 0 0 0 0 1 1 1 1 1 0 0 0
 1 1 1 0 0 0 0 0 0 0 1 1 1 1 0 0 0
 1 1 1 0 0 0 0 0 0 0 1 1 1 1 0 0 0
 1 1 1 0 0 0 0 0 0 0 0 1 1 1 1 0 0
 1 1 1 0 0 0 0 0 0 0 0 1 1 1 1 0 0
 1 1 1 0 0 0 0 0 0 0 0 1 1 1 1 1 0
 1 1 1 0 0 0 0 0 0 0 0 0 1 1 1 1 0
 1 1 1 0 0 0 0 0 0 0 0 0 1 1 1 1 0
 1 1 1 0 0 0 0 0 0 0 0 0 0 1 1 1 1
 1 1 1 0 0 0 0 0 0 0 0 0 0 1 1 1 1






# name: <cell-element>
# type: cell
# rows: 1
# columns: 1
# name: <cell-element>
# type: matrix
# rows: 40
# columns: 14
 0 0 0 0 0 1 1 1 1 1 1 0 0 0
 0 0 0 1 1 1 1 1 1 1 1 1 1 0
 0 0 1 1 1 1 1 1 1 1 1 1 1 0
 0 0 1 1 1 1 1 1 1 1 1 1 1 0
 0 1 1 1 1 1 0 0 0 0 0 1 1 0
 0 1 1 1 1 0 0 0 0 0 0 0 0 0
 0 1 1 1 0 0 0 0 0 0 0 0 0 0
 1 1 1 1 0 0 0 0 0 0 0 0 0 0
 1 1 1 0 0 0 0 0 0 0 0 0 0 0
 1 1 1 0 0 0 0 0 0 0 0 0 0 0
 1 1 1 1 0 0 0 0 0 0 0 0 0 0
 1 1 1 1 0 0 0 0 0 0 0 0 0 0
 1 1 1 1 0 0 0 0 0 0 0 0 0 0
 0 1 1 1 1 0 0 0 0 0 0 0 0 0
 0 1 1 1 1 0 0 0 0 0 0 0 0 0
 0 1 1 1 1 1 0 0 0 0 0 0 0 0
 0 0 1 1 1 1 1 0 0 0 0 0 0 0
 0 0 1 1 1 1 1 1 0 0 0 0 0 0
 0 0 0 1 1 1 1 1 1 0 0 0 0 0
 0 0 0 0 1 1 1 1 1 1 0 0 0 0
 0 0 0 0 0 1 1 1 1 1 1 0 0 0
 0 0 0 0 0 0 1 1 1 1 1 1 0 0
 0 0 0 0 0 0 0 1 1 1 1 1 1 0
 0 0 0 0 0 0 0 0 1 1 1 1 1 0
 0 0 0 0 0 0 0 0 0 1 1 1 1 1
 0 0 0 0 0 0 0 0 0 0 1 1 1 1
 0 0 0 0 0 0 0 0 0 0 1 1 1 1
 0 0 0 0 0 0 0 0 0 0 0 1 1 1
 0 0 0 0 0 0 0 0 0 0 0 1 1 1
 0 0 0 0 0 0 0 0 0 0 0 1 1 1
 0 0 0 0 0 0 0 0 0 0 0 1 1 1
 0 0 0 0 0 0 0 0 0 0 0 1 1 1
 0 0 0 0 0 0 0 0 0 0 0 1 1 1
 0 0 0 0 0 0 0 0 0 0 1 1 1 1
 1 1 0 0 0 0 0 0 0 0 1 1 1 1
 1 1 1 1 0 0 0 0 0 1 1 1 1 0
 1 1 1 1 1 1 1 1 1 1 1 1 0 0
 1 1 1 1 1 1 1 1 1 1 1 1 0 0
 0 1 1 1 1 1 1 1 1 1 1 0 0 0
 0 0 0 1 1 1 1 1 1 0 0 0 0 0






# name: <cell-element>
# type: cell
# rows: 1
# columns: 1
# name: <cell-element>
# type: matrix
# rows: 38
# columns: 17
 1 1 1 1 1 1 1 1 1 1 1 1 1 1 1 1 0
 1 1 1 1 1 1 1 1 1 1 1 1 1 1 1 1 1
 1 1 1 1 1 1 1 1 1 1 1 1 1 1 1 1 1
 1 1 1 1 1 1 1 1 1 1 1 1 1 1 1 1 1
 0 0 0 0 0 0 1 1 1 1 0 0 0 0 0 0 0
 0 0 0 0 0 0 0 1 1 1 0 0 0 0 0 0 0
 0 0 0 0 0 0 0 1 1 1 0 0 0 0 0 0 0
 0 0 0 0 0 0 0 1 1 1 0 0 0 0 0 0 0
 0 0 0 0 0 0 0 1 1 1 0 0 0 0 0 0 0
 0 0 0 0 0 0 0 1 1 1 0 0 0 0 0 0 0
 0 0 0 0 0 0 0 1 1 1 0 0 0 0 0 0 0
 0 0 0 0 0 0 0 1 1 1 0 0 0 0 0 0 0
 0 0 0 0 0 0 0 1 1 1 0 0 0 0 0 0 0
 0 0 0 0 0 0 0 1 1 1 0 0 0 0 0 0 0
 0 0 0 0 0 0 0 1 1 1 0 0 0 0 0 0 0
 0 0 0 0 0 0 0 1 1 1 0 0 0 0 0 0 0
 0 0 0 0 0 0 0 1 1 1 0 0 0 0 0 0 0
 0 0 0 0 0 0 0 1 1 1 0 0 0 0 0 0 0
 0 0 0 0 0 0 0 1 1 1 0 0 0 0 0 0 0
 0 0 0 0 0 0 0 1 1 1 0 0 0 0 0 0 0
 0 0 0 0 0 0 0 1 1 1 0 0 0 0 0 0 0
 0 0 0 0 0 0 0 1 1 1 0 0 0 0 0 0 0
 0 0 0 0 0 0 0 1 1 1 0 0 0 0 0 0 0
 0 0 0 0 0 0 0 1 1 1 0 0 0 0 0 0 0
 0 0 0 0 0 0 0 1 1 1 0 0 0 0 0 0 0
 0 0 0 0 0 0 0 1 1 1 0 0 0 0 0 0 0
 0 0 0 0 0 0 0 1 1 1 0 0 0 0 0 0 0
 0 0 0 0 0 0 0 1 1 1 0 0 0 0 0 0 0
 0 0 0 0 0 0 0 1 1 1 0 0 0 0 0 0 0
 0 0 0 0 0 0 0 1 1 1 0 0 0 0 0 0 0
 0 0 0 0 0 0 0 1 1 1 0 0 0 0 0 0 0
 0 0 0 0 0 0 0 1 1 1 0 0 0 0 0 0 0
 0 0 0 0 0 0 0 1 1 1 0 0 0 0 0 0 0
 0 0 0 0 0 0 0 1 1 1 0 0 0 0 0 0 0
 0 0 0 0 0 0 0 1 1 1 0 0 0 0 0 0 0
 0 0 0 0 0 0 0 1 1 1 0 0 0 0 0 0 0
 0 0 0 0 0 0 0 1 1 1 0 0 0 0 0 0 0
 0 0 0 0 0 0 0 1 1 0 0 0 0 0 0 0 0






# name: <cell-element>
# type: cell
# rows: 1
# columns: 1
# name: <cell-element>
# type: matrix
# rows: 39
# columns: 15
 1 1 1 0 0 0 0 0 0 0 0 0 1 1 1
 1 1 1 0 0 0 0 0 0 0 0 0 1 1 1
 1 1 1 0 0 0 0 0 0 0 0 0 1 1 1
 1 1 1 0 0 0 0 0 0 0 0 0 1 1 1
 1 1 1 0 0 0 0 0 0 0 0 0 1 1 1
 1 1 1 0 0 0 0 0 0 0 0 0 1 1 1
 1 1 1 0 0 0 0 0 0 0 0 0 1 1 1
 1 1 1 0 0 0 0 0 0 0 0 0 1 1 1
 1 1 1 0 0 0 0 0 0 0 0 0 1 1 1
 1 1 1 0 0 0 0 0 0 0 0 0 1 1 1
 1 1 1 0 0 0 0 0 0 0 0 0 1 1 1
 1 1 1 0 0 0 0 0 0 0 0 0 1 1 1
 1 1 1 0 0 0 0 0 0 0 0 0 1 1 1
 1 1 1 0 0 0 0 0 0 0 0 0 1 1 1
 1 1 1 0 0 0 0 0 0 0 0 0 1 1 1
 1 1 1 0 0 0 0 0 0 0 0 0 1 1 1
 1 1 1 0 0 0 0 0 0 0 0 0 1 1 1
 1 1 1 0 0 0 0 0 0 0 0 0 1 1 1
 1 1 1 0 0 0 0 0 0 0 0 0 1 1 1
 1 1 1 0 0 0 0 0 0 0 0 0 1 1 1
 1 1 1 0 0 0 0 0 0 0 0 0 1 1 1
 1 1 1 0 0 0 0 0 0 0 0 0 1 1 1
 1 1 1 0 0 0 0 0 0 0 0 0 1 1 1
 1 1 1 0 0 0 0 0 0 0 0 0 1 1 1
 1 1 1 0 0 0 0 0 0 0 0 0 1 1 1
 1 1 1 0 0 0 0 0 0 0 0 0 1 1 1
 1 1 1 0 0 0 0 0 0 0 0 0 1 1 1
 1 1 1 0 0 0 0 0 0 0 0 0 1 1 1
 1 1 1 0 0 0 0 0 0 0 0 0 1 1 1
 1 1 1 0 0 0 0 0 0 0 0 1 1 1 0
 1 1 1 0 0 0 0 0 0 0 0 1 1 1 0
 1 1 1 1 0 0 0 0 0 0 0 1 1 1 0
 1 1 1 1 0 0 0 0 0 0 0 1 1 1 0
 0 1 1 1 1 0 0 0 0 0 1 1 1 1 0
 0 1 1 1 1 1 0 0 0 1 1 1 1 0 0
 0 0 1 1 1 1 1 1 1 1 1 1 1 0 0
 0 0 1 1 1 1 1 1 1 1 1 1 0 0 0
 0 0 0 1 1 1 1 1 1 1 1 0 0 0 0
 0 0 0 0 0 1 1 1 1 1 0 0 0 0 0






# name: <cell-element>
# type: cell
# rows: 1
# columns: 1
# name: <cell-element>
# type: matrix
# rows: 38
# columns: 17
 1 1 1 0 0 0 0 0 0 0 0 0 0 0 1 1 1
 1 1 1 0 0 0 0 0 0 0 0 0 0 0 1 1 1
 1 1 1 1 0 0 0 0 0 0 0 0 0 0 1 1 1
 1 1 1 1 0 0 0 0 0 0 0 0 0 0 1 1 1
 0 1 1 1 0 0 0 0 0 0 0 0 0 1 1 1 1
 0 1 1 1 0 0 0 0 0 0 0 0 0 1 1 1 0
 0 1 1 1 0 0 0 0 0 0 0 0 0 1 1 1 0
 0 1 1 1 1 0 0 0 0 0 0 0 0 1 1 1 0
 0 1 1 1 1 0 0 0 0 0 0 0 0 1 1 1 0
 0 0 1 1 1 0 0 0 0 0 0 0 0 1 1 1 0
 0 0 1 1 1 0 0 0 0 0 0 0 1 1 1 1 0
 0 0 1 1 1 0 0 0 0 0 0 0 1 1 1 0 0
 0 0 1 1 1 1 0 0 0 0 0 0 1 1 1 0 0
 0 0 1 1 1 1 0 0 0 0 0 0 1 1 1 0 0
 0 0 0 1 1 1 0 0 0 0 0 0 1 1 1 0 0
 0 0 0 1 1 1 0 0 0 0 0 1 1 1 0 0 0
 0 0 0 1 1 1 0 0 0 0 0 1 1 1 0 0 0
 0 0 0 1 1 1 0 0 0 0 0 1 1 1 0 0 0
 0 0 0 1 1 1 1 0 0 0 0 1 1 1 0 0 0
 0 0 0 1 1 1 1 0 0 0 0 1 1 1 0 0 0
 0 0 0 0 1 1 1 0 0 0 1 1 1 1 0 0 0
 0 0 0 0 1 1 1 0 0 0 1 1 1 0 0 0 0
 0 0 0 0 1 1 1 1 0 0 1 1 1 0 0 0 0
 0 0 0 0 1 1 1 1 0 0 1 1 1 0 0 0 0
 0 0 0 0 1 1 1 1 0 0 1 1 1 0 0 0 0
 0 0 0 0 0 1 1 1 0 1 1 1 1 0 0 0 0
 0 0 0 0 0 1 1 1 0 1 1 1 0 0 0 0 0
 0 0 0 0 0 1 1 1 0 1 1 1 0 0 0 0 0
 0 0 0 0 0 1 1 1 1 1 1 1 0 0 0 0 0
 0 0 0 0 0 1 1 1 1 1 1 1 0 0 0 0 0
 0 0 0 0 0 0 1 1 1 1 1 1 0 0 0 0 0
 0 0 0 0 0 0 1 1 1 1 1 0 0 0 0 0 0
 0 0 0 0 0 0 1 1 1 1 1 0 0 0 0 0 0
 0 0 0 0 0 0 1 1 1 1 1 0 0 0 0 0 0
 0 0 0 0 0 0 1 1 1 1 1 0 0 0 0 0 0
 0 0 0 0 0 0 0 1 1 1 1 0 0 0 0 0 0
 0 0 0 0 0 0 0 1 1 1 1 0 0 0 0 0 0
 0 0 0 0 0 0 0 1 1 1 0 0 0 0 0 0 0






# name: <cell-element>
# type: cell
# rows: 1
# columns: 1
# name: <cell-element>
# type: matrix
# rows: 38
# columns: 18
 1 1 1 0 0 0 0 1 1 1 0 0 0 0 0 1 1 1
 1 1 1 0 0 0 0 1 1 1 0 0 0 0 0 1 1 1
 1 1 1 0 0 0 0 1 1 1 0 0 0 0 0 1 1 0
 1 1 1 0 0 0 0 1 1 1 1 0 0 0 0 1 1 0
 1 1 1 0 0 0 0 1 1 1 1 0 0 0 0 1 1 0
 1 1 1 0 0 0 0 1 1 1 1 0 0 0 0 1 1 0
 1 1 1 0 0 0 0 1 1 1 1 0 0 0 0 1 1 0
 1 1 1 0 0 0 1 1 1 1 1 0 0 0 0 1 1 0
 0 1 1 0 0 0 1 1 1 1 1 0 0 0 0 1 1 0
 0 1 1 1 0 0 1 1 1 1 1 0 0 0 0 1 1 0
 0 1 1 0 0 0 1 1 1 1 1 0 0 0 1 1 1 0
 0 1 1 0 0 0 1 1 1 1 1 1 0 0 1 1 1 0
 0 1 1 1 0 0 1 1 1 1 1 1 0 0 1 1 1 0
 0 1 1 1 0 0 1 1 0 1 1 1 0 0 1 1 1 0
 0 1 1 1 0 0 1 1 0 1 1 1 0 0 1 1 1 0
 0 1 1 1 0 0 1 1 0 1 1 1 0 0 1 1 0 0
 0 1 1 1 0 0 1 1 0 1 1 1 0 0 1 1 0 0
 0 1 1 1 0 1 1 1 0 1 1 1 0 0 1 1 0 0
 0 1 1 1 0 1 1 1 0 0 1 1 0 0 1 1 0 0
 0 1 1 1 0 1 1 1 0 0 1 1 1 0 1 1 0 0
 0 1 1 1 0 1 1 0 0 0 1 1 1 0 1 1 0 0
 0 1 1 1 1 1 1 0 0 0 1 1 1 0 1 1 0 0
 0 0 1 1 1 1 1 0 0 0 1 1 1 0 1 1 0 0
 0 0 1 1 1 1 1 0 0 0 1 1 1 1 1 1 0 0
 0 0 1 1 1 1 1 0 0 0 1 1 1 1 1 1 0 0
 0 0 1 1 1 1 1 0 0 0 1 1 1 1 1 1 0 0
 0 0 1 1 1 1 1 0 0 0 1 1 1 1 1 1 0 0
 0 0 1 1 1 1 1 0 0 0 0 1 1 1 1 1 0 0
 0 0 1 1 1 1 1 0 0 0 0 1 1 1 1 1 0 0
 0 0 1 1 1 1 0 0 0 0 0 1 1 1 1 0 0 0
 0 0 1 1 1 1 0 0 0 0 0 1 1 1 1 0 0 0
 0 0 1 1 1 1 0 0 0 0 0 1 1 1 1 0 0 0
 0 0 1 1 1 1 0 0 0 0 0 1 1 1 1 0 0 0
 0 0 1 1 1 1 0 0 0 0 0 1 1 1 1 0 0 0
 0 0 1 1 1 1 0 0 0 0 0 1 1 1 1 0 0 0
 0 0 1 1 1 1 0 0 0 0 0 0 1 1 1 0 0 0
 0 0 0 1 1 1 0 0 0 0 0 0 1 1 1 0 0 0
 0 0 0 1 1 1 0 0 0 0 0 0 1 1 1 0 0 0






# name: <cell-element>
# type: cell
# rows: 1
# columns: 1
# name: <cell-element>
# type: matrix
# rows: 38
# columns: 16
 1 1 1 1 0 0 0 0 0 0 0 0 1 1 1 1
 0 1 1 1 0 0 0 0 0 0 0 0 1 1 1 1
 0 1 1 1 0 0 0 0 0 0 0 0 1 1 1 0
 0 1 1 1 1 0 0 0 0 0 0 1 1 1 1 0
 0 0 1 1 1 0 0 0 0 0 0 1 1 1 0 0
 0 0 1 1 1 1 0 0 0 0 0 1 1 1 0 0
 0 0 1 1 1 1 0 0 0 0 1 1 1 1 0 0
 0 0 0 1 1 1 0 0 0 0 1 1 1 0 0 0
 0 0 0 1 1 1 1 0 0 0 1 1 1 0 0 0
 0 0 0 1 1 1 1 0 0 1 1 1 1 0 0 0
 0 0 0 0 1 1 1 0 0 1 1 1 0 0 0 0
 0 0 0 0 1 1 1 0 1 1 1 1 0 0 0 0
 0 0 0 0 1 1 1 1 1 1 1 1 0 0 0 0
 0 0 0 0 0 1 1 1 1 1 1 0 0 0 0 0
 0 0 0 0 0 1 1 1 1 1 1 0 0 0 0 0
 0 0 0 0 0 1 1 1 1 1 1 0 0 0 0 0
 0 0 0 0 0 0 1 1 1 1 0 0 0 0 0 0
 0 0 0 0 0 0 1 1 1 1 0 0 0 0 0 0
 0 0 0 0 0 0 1 1 1 1 0 0 0 0 0 0
 0 0 0 0 0 0 1 1 1 1 0 0 0 0 0 0
 0 0 0 0 0 1 1 1 1 1 1 0 0 0 0 0
 0 0 0 0 0 1 1 1 1 1 1 0 0 0 0 0
 0 0 0 0 0 1 1 1 1 1 1 1 0 0 0 0
 0 0 0 0 1 1 1 1 1 1 1 1 0 0 0 0
 0 0 0 0 1 1 1 0 1 1 1 1 0 0 0 0
 0 0 0 0 1 1 1 0 0 1 1 1 0 0 0 0
 0 0 0 1 1 1 1 0 0 1 1 1 1 0 0 0
 0 0 0 1 1 1 0 0 0 1 1 1 1 0 0 0
 0 0 0 1 1 1 0 0 0 0 1 1 1 1 0 0
 0 0 1 1 1 1 0 0 0 0 1 1 1 1 0 0
 0 0 1 1 1 0 0 0 0 0 1 1 1 1 0 0
 0 0 1 1 1 0 0 0 0 0 0 1 1 1 1 0
 0 1 1 1 1 0 0 0 0 0 0 1 1 1 1 0
 0 1 1 1 0 0 0 0 0 0 0 1 1 1 1 0
 1 1 1 1 0 0 0 0 0 0 0 0 1 1 1 1
 1 1 1 1 0 0 0 0 0 0 0 0 1 1 1 1
 1 1 1 0 0 0 0 0 0 0 0 0 1 1 1 1
 1 1 1 0 0 0 0 0 0 0 0 0 0 1 1 1






# name: <cell-element>
# type: cell
# rows: 1
# columns: 1
# name: <cell-element>
# type: matrix
# rows: 38
# columns: 16
 1 1 1 0 0 0 0 0 0 0 0 0 0 1 1 1
 1 1 1 1 0 0 0 0 0 0 0 0 0 1 1 1
 1 1 1 1 0 0 0 0 0 0 0 0 0 1 1 1
 0 1 1 1 1 0 0 0 0 0 0 0 1 1 1 1
 0 1 1 1 1 0 0 0 0 0 0 0 1 1 1 0
 0 1 1 1 1 0 0 0 0 0 0 0 1 1 1 0
 0 0 1 1 1 1 0 0 0 0 0 1 1 1 1 0
 0 0 1 1 1 1 0 0 0 0 0 1 1 1 0 0
 0 0 0 1 1 1 0 0 0 0 0 1 1 1 0 0
 0 0 0 1 1 1 1 0 0 0 1 1 1 1 0 0
 0 0 0 1 1 1 1 0 0 0 1 1 1 0 0 0
 0 0 0 1 1 1 1 0 0 0 1 1 1 0 0 0
 0 0 0 0 1 1 1 1 0 1 1 1 1 0 0 0
 0 0 0 0 1 1 1 1 0 1 1 1 0 0 0 0
 0 0 0 0 0 1 1 1 1 1 1 1 0 0 0 0
 0 0 0 0 0 1 1 1 1 1 1 1 0 0 0 0
 0 0 0 0 0 1 1 1 1 1 1 0 0 0 0 0
 0 0 0 0 0 0 1 1 1 1 1 0 0 0 0 0
 0 0 0 0 0 0 1 1 1 1 0 0 0 0 0 0
 0 0 0 0 0 0 1 1 1 1 0 0 0 0 0 0
 0 0 0 0 0 0 0 1 1 1 0 0 0 0 0 0
 0 0 0 0 0 0 0 1 1 1 0 0 0 0 0 0
 0 0 0 0 0 0 0 1 1 1 0 0 0 0 0 0
 0 0 0 0 0 0 0 1 1 1 0 0 0 0 0 0
 0 0 0 0 0 0 0 1 1 1 0 0 0 0 0 0
 0 0 0 0 0 0 0 1 1 1 0 0 0 0 0 0
 0 0 0 0 0 0 0 1 1 1 0 0 0 0 0 0
 0 0 0 0 0 0 0 1 1 1 0 0 0 0 0 0
 0 0 0 0 0 0 0 1 1 1 0 0 0 0 0 0
 0 0 0 0 0 0 0 1 1 1 0 0 0 0 0 0
 0 0 0 0 0 0 0 1 1 1 0 0 0 0 0 0
 0 0 0 0 0 0 0 1 1 1 0 0 0 0 0 0
 0 0 0 0 0 0 0 1 1 1 0 0 0 0 0 0
 0 0 0 0 0 0 0 1 1 1 0 0 0 0 0 0
 0 0 0 0 0 0 0 1 1 1 0 0 0 0 0 0
 0 0 0 0 0 0 0 1 1 1 0 0 0 0 0 0
 0 0 0 0 0 0 0 1 1 1 0 0 0 0 0 0
 0 0 0 0 0 0 0 1 1 1 0 0 0 0 0 0






# name: <cell-element>
# type: cell
# rows: 1
# columns: 1
# name: <cell-element>
# type: matrix
# rows: 38
# columns: 15
 1 1 1 1 1 1 1 1 1 1 1 1 1 1 1
 1 1 1 1 1 1 1 1 1 1 1 1 1 1 1
 1 1 1 1 1 1 1 1 1 1 1 1 1 1 1
 1 1 1 1 1 1 1 1 1 1 1 1 1 1 1
 0 0 0 0 0 0 0 0 0 0 0 1 1 1 1
 0 0 0 0 0 0 0 0 0 0 0 1 1 1 0
 0 0 0 0 0 0 0 0 0 0 1 1 1 1 0
 0 0 0 0 0 0 0 0 0 0 1 1 1 0 0
 0 0 0 0 0 0 0 0 0 1 1 1 1 0 0
 0 0 0 0 0 0 0 0 0 1 1 1 1 0 0
 0 0 0 0 0 0 0 0 0 1 1 1 0 0 0
 0 0 0 0 0 0 0 0 1 1 1 1 0 0 0
 0 0 0 0 0 0 0 0 1 1 1 1 0 0 0
 0 0 0 0 0 0 0 0 1 1 1 0 0 0 0
 0 0 0 0 0 0 0 1 1 1 1 0 0 0 0
 0 0 0 0 0 0 0 1 1 1 0 0 0 0 0
 0 0 0 0 0 0 1 1 1 1 0 0 0 0 0
 0 0 0 0 0 0 1 1 1 1 0 0 0 0 0
 0 0 0 0 0 0 1 1 1 0 0 0 0 0 0
 0 0 0 0 0 1 1 1 1 0 0 0 0 0 0
 0 0 0 0 0 1 1 1 1 0 0 0 0 0 0
 0 0 0 0 1 1 1 1 0 0 0 0 0 0 0
 0 0 0 0 1 1 1 1 0 0 0 0 0 0 0
 0 0 0 0 1 1 1 1 0 0 0 0 0 0 0
 0 0 0 1 1 1 1 0 0 0 0 0 0 0 0
 0 0 0 1 1 1 1 0 0 0 0 0 0 0 0
 0 0 0 1 1 1 0 0 0 0 0 0 0 0 0
 0 0 1 1 1 1 0 0 0 0 0 0 0 0 0
 0 0 1 1 1 1 0 0 0 0 0 0 0 0 0
 0 1 1 1 1 0 0 0 0 0 0 0 0 0 0
 0 1 1 1 1 0 0 0 0 0 0 0 0 0 0
 0 1 1 1 0 0 0 0 0 0 0 0 0 0 0
 1 1 1 1 0 0 0 0 0 0 0 0 0 0 0
 1 1 1 1 1 0 1 1 0 1 1 1 1 1 1
 1 1 1 1 1 1 1 1 1 1 1 1 1 1 1
 1 1 1 1 1 1 1 1 1 1 1 1 1 1 1
 1 1 1 1 1 1 1 1 1 1 1 1 1 1 1
 1 1 1 1 1 1 1 1 1 1 1 1 1 1 1








